gene_id	withinSubset	lncRnaName	Comp.1	Comp.2	Comp.3	Comp.4	Comp.5	Comp.6	Comp.7	Comp.8	Comp.9	Comp.10	Comp.11	Comp.12	Comp.13	Comp.14	Comp.15
ENSG00000100181.14	true	ENSG00000100181	21.3393290889291	3.65631020360162	11.5343715812446	3.32041714950247	6.28101453970048	3.14244051300349	2.75301638332971	1.9104347162294	6.39961833799439	2.40853309916378	5.96024787535956	9.49982861014532	1.46502123847589	1.83342544466486	1.46980337904542
ENSG00000170846.10	rest	ENSG00000170846	20.7916556136157	3.83828728736121	11.3365067522942	3.07828198408473	6.05407375244638	3.20334465189534	2.79671172798643	1.82376129718694	6.48880932352106	2.08541154438603	6.14835501550056	9.50582771753655	1.68117779994227	1.7176228597636	1.48341580188896
ENSG00000172965.6	rest	ENSG00000172965	16.350609131205	4.57238689607299	10.6317967111211	2.50111341917412	9.28523088353894	7.44873112629873	2.70727809375241	2.16134949970388	6.72429899026151	2.79579141259998	5.85744828070175	8.51950921300777	2.80784625869018	2.71013307816596	3.18492196901034
ENSG00000175772.10	rest	ENSG00000175772	21.2689190598305	3.97032532253433	11.2889170148355	2.05124017939965	5.92409548491842	3.20593178273532	2.76484975097893	2.017538250838	6.86441142748621	1.65814239038043	6.11675131826639	9.33377721391788	1.50499585241599	1.7027961954127	1.44080508478602
ENSG00000180712.3	rest	ENSG00000180712	21.8510181493435	6.04990570506228	11.3746406543782	2.66874984889697	5.8792917462349	3.3271406268725	2.55631502294906	2.021427142215	6.40751661785335	2.33872899301973	6.1177448249959	9.48519383011232	1.47433434402586	1.72017987885375	1.48659147233225
ENSG00000185044.8	rest	ENSG00000185044	21.4782375465419	3.90078101028561	11.3865124748539	2.43078569593857	6.08271666529823	3.13332404700209	2.58514965607194	1.95937123599332	6.39320526539005	2.39820536463238	6.11010709969074	9.42950906578279	1.51629916611621	1.73799064650716	1.50586097474481
ENSG00000185433.4	rest	ENSG00000185433	21.7227877403327	4.9702045828427	11.3306843098121	2.36433746372541	5.99772275332285	3.20811150432634	2.56990656282947	1.95997318080639	6.40392091675739	2.37306685675299	6.10837908641004	9.43063193051057	1.49774911059042	1.73111805918873	1.4872922899317
ENSG00000185495.6	rest	ENSG00000185495	21.3505067010887	4.01433380070577	11.2972128600472	2.74537895112829	5.98363676042354	3.29804604259002	2.64592223100566	1.88988149129881	6.38941123805187	2.39106501755537	6.11367935382994	9.44418866052001	1.53043545063381	1.74183934097131	1.48977253480437
ENSG00000186594.5	rest	ENSG00000186594	19.1336196409049	4.45015638888898	11.6312963899096	2.02214917108853	6.43542659125969	2.83252157444798	3.36312650642559	1.24686680471846	6.46298815630681	2.79656003604164	6.66542470367775	9.19796405767706	2.19859679621644	1.5165152567557	1.44051931484489
ENSG00000187156.4	rest	ENSG00000187156	21.4520626904803	3.85222723140605	11.4409278868105	2.47145879968098	6.05484355502081	3.10121906682178	2.4561240944242	2.08715885330806	6.33106157709874	2.41222606941744	6.1357724992743	9.44983235594802	1.47862239646124	1.71131268861793	1.51470801102844
ENSG00000189229.10	rest	ENSG00000189229	21.5576201520415	3.90446028627847	11.3350672803642	2.35417914190452	6.07262845734483	3.17100650978356	2.66069318957415	1.92708397105526	6.34429111578933	2.40205840145654	6.07828959407852	9.40106837987442	1.50526927299617	1.74250470463293	1.49382522741477
ENSG00000203279.2	rest	ENSG00000203279	21.372122657635	3.97220255147865	10.9220312307405	2.22503057569049	5.88293665688359	3.11833201639591	2.51509870257342	1.8713392421857	6.33391731260308	2.411147307632	5.98803546222316	9.49133057491045	1.53674889561572	1.76565179202516	1.50633512838178
ENSG00000203499.6	rest	ENSG00000203499	21.1708678511626	4.00705837036894	11.3728973704087	2.08325114705901	6.00610037844545	3.02052640035345	2.74486977279333	1.87145333682804	6.60529659451789	1.66945355279629	5.78039123089412	9.29182486647579	1.45421291174651	1.81867530911856	1.43822412720309
ENSG00000204054.5	rest	ENSG00000204054	20.5022154424358	3.97727106021027	11.4403617056614	2.28903867924836	5.93692617124642	3.63083543412342	2.7298256076383	2.15433198151501	6.28535977427562	2.45965484606921	6.30759126555342	9.27459313598506	1.55983060447697	1.7761682603897	1.42961994752335
ENSG00000205662.2	rest	ENSG00000205662	20.5993969630534	4.27916231596769	11.6953184166858	2.86876874616136	6.06826460799821	2.9197568436026	2.33030386039045	2.2870150618338	6.42819415921142	2.45566067375081	5.43806063393987	9.45164091785481	1.75060427605234	1.53189737359343	1.47493919025362
ENSG00000214049.3	true	ENSG00000214049	21.1046642352388	3.14635847938643	11.8512472257379	4.44640394166404	5.33915637143815	3.98925980691739	4.38096514564594	2.56533433668234	5.10035904260242	2.28752693985482	5.54479813417889	9.49930719182779	1.35218297135463	1.86066616674913	1.45752492467985
ENSG00000214548.7	true	ENSG00000214548	18.8600426713932	4.50036780017406	10.7960747037221	1.97188681124832	7.25587817932646	4.06723336110733	3.23070691316252	1.92753807660838	6.75816984076911	3.18834201577102	7.33472486384786	7.93951860625621	1.97137423861505	2.02752561129763	2.30072845374824
ENSG00000215908.4	rest	ENSG00000215908	20.6864443601964	3.94593310315694	11.2033732255036	2.67566437071171	6.04155780811296	3.87544136847224	2.25696881251703	1.88794135387855	6.39257515314097	2.42438077727959	6.02048663510733	9.41577308401172	1.48156542712143	1.80341042940413	1.4797626396312
ENSG00000222041.5	rest	ENSG00000222041	16.3171964620878	4.46227958116307	11.2301068182269	4.09187433901887	6.8211120566502	4.25629978243663	4.04564992022959	1.50566640498769	7.10541058136672	4.02347739406476	7.16210767422294	6.44657534511445	1.11217805530306	2.04466663277467	1.79473513596006
ENSG00000223414.1	rest	ENSG00000223414	21.3245311283436	3.89971595070235	11.3732291914616	1.88779611804786	5.3099387229345	3.57987366790167	3.6673801255412	2.44170968015302	6.14168656862624	2.5019938441518	5.81466579876898	9.52390963715075	1.52492894255842	1.74167967694329	1.50423566156383
ENSG00000223477.1	rest	ENSG00000223477	21.4189365978412	3.96897588223335	11.3216700002863	2.03652878221144	5.92944361508187	3.14850190371343	2.79478718494365	2.07151133610117	6.780076531355	2.53141322520918	6.03356712192917	9.55121530322215	1.52629008557646	1.78388583805249	1.48854814958185
ENSG00000223573.1	true	ENSG00000223573	21.3731502304054	3.99371375123087	11.3417366985106	2.08119568661023	6.05330083912055	3.05932238861118	2.64629529664322	1.88710023844603	6.52242630600867	1.98832761833749	5.93578207558603	9.31769318194598	1.48852595591762	1.79501702316759	1.46347220266769
ENSG00000223768.1	rest	ENSG00000223768	20.4499184077861	4.07987904765121	11.362103008094	2.18993643604854	5.91594717601509	3.34581304333295	2.54711846429406	2.04398902752847	6.32350235708897	2.22540445591082	6.39960502814132	9.2542921079904	1.6723282969173	1.65467911031178	1.66277521763825
ENSG00000223808.1	rest	ENSG00000223808	21.5265623545559	3.96326651159312	11.2926971881562	2.08428169471437	6.04721056062789	3.11122232406421	2.59323594002631	1.89532766550032	6.49879432713965	2.04104336013864	6.13951291311601	9.32274792086178	1.50764447899952	1.72487763312966	1.47616150988913
ENSG00000223812.1	rest	ENSG00000223812	21.5436213609357	3.88488447333808	11.3568564206677	2.38479792557734	6.10718780906363	3.12411980694239	2.57202672227957	1.95122972127346	6.38059150386128	2.40568910690192	6.10838166644444	9.41571117979777	1.49993012693516	1.73481483692832	1.49482145622306
ENSG00000224032.2	true	ENSG00000224032	19.7504775623288	4.31584547787584	9.89302907473444	2.88472102347192	5.48693809165143	3.44754592853833	2.68054088214483	2.14342739894835	6.7405689002819	2.65993848462972	6.27009032381558	9.00469335482483	1.25482814647063	1.80045426052058	1.41512473465151
ENSG00000224137.1	rest	ENSG00000224137	21.7876494321281	5.476367187031	11.3537044891093	2.50618688881782	5.94521475532453	3.25941672931613	2.5666513044684	1.99083156540109	6.40575537645581	2.35734303420121	6.11374998951737	9.45508378358135	1.48674782905457	1.72601745816342	1.48670191468097
ENSG00000224818.1	rest	ENSG00000224818	19.5801651693035	4.42929739264118	11.6426592942281	1.98569894280626	6.33145039021734	2.67778767190225	3.01196367100866	1.34900959541855	6.49600253428942	2.44542251992134	6.06998552259869	9.39968237135471	1.30336805943245	1.70350629200039	1.58168923300213
ENSG00000224930.2	rest	ENSG00000224930	21.3036481127911	3.99177891463104	11.3772179389105	1.95581078551191	5.87784121241073	3.24520732984408	3.1434398416822	1.90030194677671	5.91745802446721	2.36667553121162	6.06917863169723	9.57798593255658	1.31526446869937	1.69326053669701	1.46218176808037
ENSG00000224959.1	rest	ENSG00000224959	21.3847668670226	3.97815032650343	11.1800959747738	2.10239397443722	6.39355406753589	3.51208209916065	2.53814762614	2.01747320803936	6.41091410352496	2.39214665549779	6.10071094894773	9.39041077130774	1.52239579202582	1.74426881908323	1.53893616580366
ENSG00000225135.1	rest	ENSG00000225135	21.2527688275903	3.89861752914456	11.4331004841716	2.65923786652492	6.10195989273764	3.15952087465954	2.69651541757159	1.91663827469433	6.38384740333559	2.397693428238	6.18415730051777	9.37977418696195	1.62599123067165	1.75244839339343	1.54515249395799
ENSG00000225210.1	rest	ENSG00000225210	20.577008636957	3.72472458357726	11.9171235897937	2.45146923923893	4.78223519271602	3.93258739106796	2.09706538359441	2.04144246056669	6.53543084279426	2.03331122453723	6.10397536290144	9.72041523278088	1.51169629030873	1.63843079008676	1.5231192170008
ENSG00000225746.2	rest	ENSG00000225746	21.4771701103288	3.99394509082136	11.2634037062317	2.08094952718534	6.16109464294779	3.15744552167769	2.60057738725492	1.90314297077787	6.40745903473745	2.43146542651907	6.1542655766714	9.31944305398638	1.57423252825155	1.76218528876373	1.54613053989164
ENSG00000225760.1	rest	ENSG00000225760	21.1468901411738	3.93660037584273	11.1856558069608	2.58725268255659	6.20192508176611	3.31739009542398	2.59220923635324	1.96018945856684	6.38213373398911	2.40228305764346	6.03751000366452	9.4432243219968	1.53331766657013	1.7615789398228	1.48586363450868
ENSG00000225791.1	rest	ENSG00000225791	20.5839905461971	4.15055192551535	11.3872261276712	2.222147199095	5.93764198614045	3.13195664612921	2.64594398718547	1.87687093062251	6.34543045251205	2.5165077676001	6.45580198219671	9.24809831001578	1.58850261850677	1.68433553349724	1.45518916083419
ENSG00000225873.1	rest	ENSG00000225873	21.5364206510658	3.87066534511504	11.3652710039983	2.48523895316146	6.08758741795036	3.20511806984316	2.56960962562841	1.87922360396713	6.39133380002786	2.41212809624199	6.09559567765981	9.42541652150183	1.49978276702812	1.74467688478634	1.49200764806789
ENSG00000226007.1	rest	ENSG00000226007	21.441905929701	4.03057288534172	11.2765450962368	2.05574607122735	5.98417583671451	3.22657453139994	2.73033215374779	2.09833459685751	6.81282430461582	2.48554879821775	6.14194239872534	9.58457836344329	1.53838615110532	1.76516969757442	1.49922226571224
ENSG00000226363.1	rest	ENSG00000226363	21.205550706735	4.02462978991035	10.9693118797116	1.95679740355393	6.94865077375617	4.10151789378351	2.44541819553708	2.31309482646426	6.38380539885936	2.29607086275568	6.05606837112377	9.47467255091962	1.54605508026607	1.75476962651001	1.52542017356635
ENSG00000226453.1	rest	ENSG00000226453	21.4229174364781	3.95043922202988	11.3555348816018	2.18153272163881	5.78651472177182	3.47658167556603	2.33886519473239	1.50265138916692	6.44477127526534	2.40961396124086	6.00362591889179	9.41388383586945	1.52885681228271	1.76094416788268	1.48324301791164
ENSG00000226900.1	rest	ENSG00000226900	21.3801478524588	3.95011318638559	11.3197889021129	2.10756325676164	5.80856012748637	3.36965579043207	2.32729816435963	1.65586111824706	6.40391718317774	2.47591536215755	6.0871155677614	9.34589920906646	1.52141841000765	1.76055493350323	1.46151961792568
ENSG00000227502.1	rest	ENSG00000227502	21.6286791264478	4.57665958946991	11.3365857577536	2.25728481365632	5.93526451547274	3.29656257334865	2.50545224870632	1.81996066456409	6.43664262035962	2.41128396283137	6.08324335211754	9.43760044466691	1.50844403514969	1.74227577897753	1.48697411810308
ENSG00000227674.1	rest	ENSG00000227674	21.5966870766952	4.13114293644839	11.3214594888313	2.24443432772179	6.04416647837649	3.1867648040535	2.57469451229213	1.87592953627913	6.39000194675161	2.40387654026734	6.086319335882	9.40264196990924	1.51218203194722	1.74371375602986	1.48772274993393
ENSG00000227681.1	rest	ENSG00000227681	21.5198851328005	3.81461196461013	11.3894262765527	2.59821530226592	6.05125029165924	3.26590667841257	2.56525993718954	1.79800053853752	6.40067621589036	2.42370940030289	6.08469690937491	9.43379600328899	1.49824928154184	1.7518381229498	1.4936468992691
ENSG00000227932.1	rest	ENSG00000227932	21.5499785866825	3.79846909328935	11.3816010590335	2.68732308060569	6.15313771108642	3.15786040795666	2.65021115001822	1.92569499074425	6.38793651031201	2.4046105659729	6.11005346076672	9.43360633369519	1.48958916691614	1.74399934534648	1.48987142644865
ENSG00000228223.1	rest	ENSG00000228223	21.283281866127	3.96882081360327	11.3057073521911	2.44908601298394	5.97932701250773	3.2430190668375	2.92438062294208	1.99467706560126	6.27964148701663	2.40533333727429	6.10527358741695	9.34222373805769	1.5771029357222	1.75362577885098	1.48114244954533
ENSG00000228327.2	rest	ENSG00000228327	21.1175160307427	3.94726054724777	11.3369494529889	2.55340516418428	5.99566731295153	3.23119100427078	2.57254159686372	1.89029608304031	6.49161453973449	2.2500910922237	6.02004053583079	9.39643833469116	1.50334042636703	1.74743881780577	1.49504858832313
ENSG00000228682.2	rest	ENSG00000228682	21.6399726411365	4.34219439517221	11.302013922779	2.18935728171951	6.05964613421486	3.14892475768425	2.57098698757822	1.91734699406829	6.40201419349115	2.39326845619099	6.10108674306956	9.4017111489277	1.51111315113576	1.73735171014219	1.48802939709412
ENSG00000229205.1	rest	ENSG00000229205	21.5399384766838	3.76833330786768	11.3958719736572	2.79478947805444	6.16916635082389	3.17459322297905	2.6638145339255	1.93224109888988	6.38594464762354	2.40397255116272	6.11173773006198	9.44333689390151	1.48452674913939	1.7447844211007	1.49020420098482
ENSG00000229308.1	rest	ENSG00000229308	21.1779974238654	4.03053085016839	10.9382773390508	1.94365125082137	7.0360082491159	4.1973013443519	2.43947302214138	2.34696725808948	6.38008121291574	2.30588776139478	6.049403222259	9.48456351661306	1.55013909336041	1.75672360527755	1.52837313018205
ENSG00000229656.2	rest	ENSG00000229656	21.3049916423572	3.98858355012606	11.3555074614522	2.02847249689647	5.94356239065038	3.11905786296283	2.83401615127768	2.07895394093918	6.98711112629944	2.59088268984168	5.90091691487269	9.60879778528957	1.55338442255264	1.74341573006806	1.46416709645574
ENSG00000229807.3	true	ENSG00000229807	20.049013431409	7.59052405488549	12.9759730257504	4.49891207506612	5.145603161011	2.85584535199993	1	3.91173109890097	5.73288851352247	2.36381966125605	5.93944152897199	10.1465053979282	1.58966644708253	1.87502115865949	1.66379243645559
ENSG00000230724.3	rest	ENSG00000230724	20.8901806667999	3.93967387134147	10.8270936288373	2.74233193424022	6.17145659625328	3.30850936060334	2.38196218741016	2.11697505352492	6.40717304651843	2.1648755469653	5.79395974677095	9.54942021297601	1.52236122017069	1.66640052918247	1.49485623795807
ENSG00000230937.3	rest	ENSG00000230937	18.3305530441819	4.85588685538621	12.5891026895821	2.00973546916341	7.48519085501445	1.11984431003607	2.84570534709563	1.14311814666475	7.33919354497867	2.23649817391809	1	9.53919237587723	1.01058830987829	4.24088647211002	1.35070168139317
ENSG00000230952.1	rest	ENSG00000230952	21.343557703227	3.88138680814563	11.4557349677987	2.1106739622693	5.39443988173331	3.97407816641902	2.00641451689679	1	6.4766510335951	2.5388800005863	5.90363619958425	9.44756629902036	1.55024436143422	1.813438557573	1.48574997837723
ENSG00000231106.1	rest	ENSG00000231106	21.3223398629301	4.0314989955974	11.369532881696	2.09441392296302	6.14970063223148	3.02578497371369	2.65277482340958	1.80093962674796	6.31628487270091	2.42571220715743	6.30403212090606	9.41812578153628	2.25480048111373	1.78557403862493	1.35484785904503
ENSG00000231698.1	rest	ENSG00000231698	21.0560645715685	3.9898081261718	9.10921057322937	2.49089071202208	5.52407588719598	2.63532729374384	2.2610754461833	1.91861668640707	6.13981817763462	2.34222238998615	5.75792666684909	9.8482597397058	1.64064660764682	1.63459656705718	1.53093150381624
ENSG00000232151.3	rest	ENSG00000232151	21.1073497341354	4.3446531885156	11.2869086867138	2.24535888876978	6.00130818274901	3.03226165530739	2.66232795602584	1.89732162703295	6.52938598131629	2.36549234751661	5.99668601780075	9.39310347121335	1.57824870094168	1.82992215480403	1.58907538012728
ENSG00000232271.1	rest	ENSG00000232271	21.8440088510084	5.92283054876328	11.3740480652729	2.63107443274289	5.89916292879454	3.30441267323111	2.56425895679941	2.01735827669732	6.40693402037029	2.34348099795956	6.1190682253846	9.47754902305928	1.4762991272395	1.72090326539962	1.48607974083316
ENSG00000232274.1	rest	ENSG00000232274	21.2831011889947	3.93886614906657	11.4498618954112	2.11265988397881	5.65549050833983	3.33441447129309	2.47169892691975	2.10080474390828	6.85134180169568	2.56112301423838	6.15912830137755	9.67050479107101	1.52786292417444	1.72015983751691	1.52613171469261
ENSG00000232324.1	rest	ENSG00000232324	21.5505618389985	3.95783269815004	11.3007249394751	2.07230032010814	5.99058801404934	3.20000959946143	2.60098684577838	1.87998132599434	6.48837479781105	2.44591675496985	6.08467821299859	9.43167944358919	1.52472983040878	1.74757298734997	1.48726035430338
ENSG00000232388.1	rest	ENSG00000232388	15.7185799606674	5.49397225762444	11.5568652054333	3.10275664529111	4.75390136193949	4.0016034743869	3.12910870460854	1.56660771751992	7.7094129844531	3.29098310900153	6.34654155091655	8.46690704649909	2.07953333246915	2.36428227278732	1
ENSG00000232527.3	rest	ENSG00000232527	19.9896958442242	4.33573117749935	11.586505006302	2.13866734893635	6.35128282505474	3.10483112103566	2.65685097327093	1.67632682978671	6.671428573379	2.66720965436001	5.71949588463369	9.16263698792015	1.57364239917567	1.60112581445895	1.48580173885724
ENSG00000233137.1	rest	ENSG00000233137	20.2956706554041	4.67377180643636	11.3881380806671	2.54311457836585	5.78736641607478	3.31251501858263	2.96175028531054	2.02486198481722	6.40678865538339	2.3183814541428	6.20404748480164	9.45968741588741	1.93566169247967	1.76248054045705	1.52963732451649
ENSG00000233236.1	rest	ENSG00000233236	21.5982913709456	4.10171882648464	11.3541748377985	2.51644894407051	6.10873217743649	3.16185355149862	2.62026343877349	1.92894913655723	6.39397941510226	2.39707349178991	6.10759337645822	9.42461970509226	1.4963538585112	1.7407053757003	1.48894974721311
ENSG00000234147.1	rest	ENSG00000234147	21.3739924826664	4.03459842977147	11.5492103832785	2.9822718803728	5.77192445619773	3.53740829820765	2.5433481626074	1.79005678442664	6.25796661132282	2.43736695121719	6.03633352676075	9.4970619907102	1.50906029266006	1.75158469972195	1.48585136149346
ENSG00000234431.2	rest	ENSG00000234431	20.3253557786637	4.59810478596761	11.3489360376862	2.35557719275619	6.86776736191888	3.75346363137683	2.66388334789854	1.87542624902185	6.44537253033232	2.36785314892027	5.77764633091691	9.63297397324632	1.5002340716991	1.73763942643421	1.41799594367539
ENSG00000234722.2	rest	ENSG00000234722	21.5319816486221	3.72749697757344	11.4208984748638	2.93907303206417	6.1753656106444	3.17945767659482	2.6827855042145	1.9351018941892	6.38309709888955	2.40473555449522	6.11516020038254	9.45490896664813	1.47801139977013	1.74540357011424	1.49006261819772
ENSG00000234883.1	true	ENSG00000234883	22.8899185655558	14.8824030370393	11.7710971869609	5.13520430990508	5.01141954969442	4.22704568538036	2.53789175964848	2.54302687843473	6.43604722868702	2.0847151586616	6.25418870460423	9.8626697627761	1.36233316379788	1.61685235332896	1.61011563891108
ENSG00000234978.1	rest	ENSG00000234978	21.2979423733704	3.75583047470365	11.5524063703495	3.17482770002009	6.10342579513043	3.18356406146722	2.68874005551901	2.0373406230164	6.38595970957523	2.36278705799291	6.15942684738623	9.52837001549358	1.46707340540693	1.7264466522605	1.54069421020545
ENSG00000235152.1	rest	ENSG00000235152	21.4868551240108	3.9743174601233	10.8517860588228	2.16519177686429	5.98698153560977	3.01310804598889	2.51335494031547	1.90301327779946	6.3484614912528	2.39186635451496	6.03041832254527	9.4750213137713	1.54555086536731	1.72025144973572	1.49665881117984
ENSG00000235385.1	rest	ENSG00000235385	21.3924202786059	3.97499266142589	11.43967324837	2.07803404755677	5.9774342757947	3.04715577037981	2.30179136024037	2.17971379994653	6.30014619231853	2.41456451121588	6.14615388719949	9.44144767302972	1.49913425437757	1.69236951079522	1.52779473562278
ENSG00000235398.1	rest	ENSG00000235398	20.9698762738939	4.43515615742944	11.2879993688112	2.34186259697316	6.07564368080978	2.90878242734654	2.6883135980967	1.8183782527763	6.51180322173653	2.20830048537371	5.81262201949933	9.50691129125763	1.55582463521989	2.04254286717038	1.63349104048458
ENSG00000235576.1	rest	ENSG00000235576	22.2900348456617	9.4064715923552	11.5317595946902	3.60934816171995	5.53722189120812	3.65773979924659	2.54242674047796	2.23009220634633	6.41896638069789	2.23517816510646	6.15567464579273	9.64615566863188	1.40057017783782	1.68577905212768	1.4820279587854
ENSG00000236094.1	rest	ENSG00000236094	21.4471969736411	3.98397849951217	10.8530535765073	2.1660782761099	5.99038598430994	3.00462679420384	2.52286780042057	1.8880288643366	6.33971947151277	2.39914234693577	6.05718640451656	9.47357157041449	1.58491421176104	1.71670657942257	1.49235953155796
ENSG00000236537.1	rest	ENSG00000236537	20.6707754011908	4.17089610004388	11.5662350506391	2.14959747564738	6.10408721321421	3.01466403659578	2.63710484217965	1.70828041192853	6.36280248099986	2.38793808924991	6.11718495929731	9.63156231253507	1.447688218388	1.59494801386124	1.49632574271225
ENSG00000236673.1	rest	ENSG00000236673	21.2092377347377	3.98428254535786	9.72816637542653	2.37518096776916	5.68850161308492	2.76952445363603	2.35066881626467	1.91307272567889	6.21391419394649	2.36000535809866	5.85462206323757	9.71574562306393	1.60636358813888	1.66495710278419	1.51883764942724
ENSG00000237372.1	rest	ENSG00000237372	21.6454817812475	4.48140768099836	11.2678447705826	2.2336954916218	6.03941757574673	3.14804396575921	2.56923330003421	1.92655022009876	6.39531791049606	2.38718698248017	6.10017694158306	9.42064285802078	1.50661267717641	1.73070724831327	1.48812337501699
ENSG00000237643.1	rest	ENSG00000237643	20.8186799076888	1	12.9339818787173	12.5249820719814	7.00352507350459	4.00250339035726	3.87547684749403	2.3358652091343	6.1889104361959	2.4114340985207	6.30146100589955	10.2756831593334	1	1.79467171202867	1.50998353924457
ENSG00000244342.1	rest	ENSG00000244342	21.4847169524048	3.97451281454247	10.8418808887714	2.16719077516521	5.9833611612511	3.01063179283252	2.51120215721629	1.90368961300299	6.34739576576412	2.39142472688247	6.02849009517583	9.47722294470498	1.54432821504799	1.71953133178098	1.4972308420332
ENSG00000245532.2	true	ENSG00000245532	13.7013388136635	5.78985367200463	13.4341130435411	3.70538881258849	2.72883433236424	5.21371256303007	6.69147699523129	5.54771764080405	6.29557902106956	1	4.20037420672938	8.03792766440147	1.67845976041207	1.72777193696808	1.15909139515137
ENSG00000245694.2	true	ENSG00000245694	21.1798295631758	4.02472136018098	11.3978653102198	2.3189170228864	5.9597903010264	3.15985058267941	2.87886883908423	1.98225326467672	6.4977691275734	2.27271881967237	6.14897230313255	9.45945473254439	1.34636233269203	1.69675223802155	1.40015665576038
ENSG00000247516.2	rest	ENSG00000247516	20.9842350102034	3.90407249571875	11.4445373735548	2.40665701587971	5.84909453364949	3.25904480394272	2.85635083722336	2.0911265967377	6.14089187741821	2.46305082040662	6.04485130981216	9.33044319715217	1.48286668707924	1.72287066673351	1.56470401818177
ENSG00000247844.1	true	ENSG00000247844	20.322147899546	3.5463254909083	11.9827062825782	1	1.35122527518115	6.53488585883409	8.7685826415054	3.94239997240905	1	2.01653924653247	3.4818358361555	8.88758320926873	1.44297234885266	1.82376184687424	1.28409037849888
ENSG00000248103.1	rest	ENSG00000248103	21.4116910940046	3.89493417487824	11.2775011453234	2.35460329642732	5.98945520604894	3.0615472536632	2.39857511681842	2.08782998212662	6.31337945101889	2.40501092343984	6.11186693655553	9.47130512137218	1.4948737960207	1.70128056347456	1.51971578978047
ENSG00000248596.1	rest	ENSG00000248596	21.5705550103169	3.91746788166985	11.3178406242968	2.27884025444528	6.11604191599338	3.12343755450517	2.59989413518887	1.90226067326728	6.39736364135454	2.40342590806269	6.09797070019957	9.40200198500467	1.50817932324404	1.74043428860187	1.4880090107333
ENSG00000248810.1	rest	ENSG00000248810	21.5360239422067	3.88947708249897	11.3208141962853	2.39127519488564	6.13464258267613	3.14398879594633	2.61774059304881	1.91715161811599	6.39953704845292	2.42160870792797	6.12450260599205	9.36538266140868	1.49102326436337	1.74945667317583	1.47098421062824
ENSG00000249069.2	rest	ENSG00000249069	21.5944178319333	4.06064800005324	11.3454372848211	2.46145190311994	6.11051444660912	3.15318224168932	2.61576088864454	1.92422156132387	6.39511543415386	2.3986157637507	6.10629197420266	9.41880597402182	1.49951428450234	1.74105085213334	1.48892573353819
ENSG00000249152.1	rest	ENSG00000249152	21.5429154490214	3.97214145897305	11.0747726516307	2.12356046443884	6.04558887122628	3.06108214337316	2.54551606826808	1.90102898669995	6.37540376150612	2.39818602956902	6.06478428193769	9.42709835449127	1.5314477360649	1.73108847232898	1.49260306574735
ENSG00000249430.1	rest	ENSG00000249430	21.2964833348852	3.98470379661391	10.340839588358	2.26468547521903	5.82680609594391	2.89359700683884	2.42059441913461	1.93787615333014	6.29678142855718	2.39549990564242	5.98146065316501	9.52741762822881	1.54666658352901	1.69719650946511	1.48788869105667
ENSG00000249790.2	rest	ENSG00000249790	18.8761718099091	4.08906073103402	1	4.0028438759322	3.4984780088397	1	1.06609114168827	1.98822888284611	5.19950591551769	2.11609424253387	4.31691946385399	11.5817986691638	2.10540895050871	1.2163088091412	1.66755621642654
ENSG00000250271.1	rest	ENSG00000250271	21.4436714136464	3.9395970288023	11.2858419923701	2.01313441969492	5.81388205355719	3.22514953344651	2.88525994934603	2.18804032943429	7.14572601143144	2.64193585916204	6.17788189027962	9.73152138371188	1.54494641696536	1.74274889118295	1.49351069917812
ENSG00000250337.1	rest	ENSG00000250337	21.4612571281542	4.29707705168377	11.2484271116124	2.20234417669593	5.68685645013206	3.40405820543168	2.675869863284	1.89144184381396	6.4872713677712	2.4726724875015	6.01312771722306	9.5154131723526	1.52221083150691	1.74566618443712	1.49060109887736
ENSG00000250666.1	rest	ENSG00000250666	21.5689106820086	3.87154045618031	11.3399289124611	2.43096337286944	6.13302160727417	3.13805302678473	2.6191172914432	1.91449790565012	6.39354475922149	2.4042329715781	6.10461792822711	9.41169132305914	1.50252038987201	1.74305508220408	1.48925432066365
ENSG00000250742.1	rest	ENSG00000250742	19.9443062700061	4.17571885770204	12.0529598063528	2.00776179102126	5.8894067954947	2.5149877380963	1.78533902513024	2.62132292385039	6.07714877712399	2.56788308325865	6.01834234133885	9.60459269717524	1.42027072168041	1.99123668022642	1.40691772481631
ENSG00000251129.1	rest	ENSG00000251129	21.4364925883226	3.65884883679437	11.4525505180347	3.12007806115513	6.05065490356545	3.25079194575519	2.85687865552601	2.07215603484911	6.73823848326374	2.43862864915525	6.16380604516347	9.62010267344778	1.47738908542828	1.74397954537121	1.48915181026317
ENSG00000251138.1	rest	ENSG00000251138	21.5566968274426	3.84322989553804	11.3546012156191	2.52968180774159	6.12919179301006	3.14958487925401	2.64146740968999	1.92492071692141	6.40920400427811	2.40748537009405	6.10768424265851	9.42906763475726	1.49802373576879	1.74329459022592	1.4892881525169
ENSG00000251273.1	rest	ENSG00000251273	20.3452314042832	4.18278503051774	11.1424681722238	2.09737351337697	6.54201906330443	3.18500409267134	2.80199368351022	1.47931027408197	6.12015042005359	2.25175426722021	6.47251847788391	10.0892040766698	1.38433909301944	1.71356789960268	1.43310050200345
ENSG00000251381.2	rest	ENSG00000251381	21.416031526887	3.89686338345797	11.4159860136645	2.45511853666048	6.15121345913661	3.09349295166035	2.69365047009352	1.90373498170558	6.39968589923979	2.41022423852475	5.80672040736194	9.37925368665872	1.50361701582084	1.69971577225131	1.45521627081567
ENSG00000251434.1	rest	ENSG00000251434	21.5757547773661	3.89556618859181	11.3270764475967	2.34644872234441	6.12420551601114	3.12914134544286	2.6087672235296	1.91022392926994	6.39537641935589	2.40409204998608	6.10301339113219	9.40426319696415	1.5066798720093	1.74263145020875	1.48901327725458
ENSG00000251562.3	true	ENSG00000251562	1	8.44610152359072	13.9584500884463	6.88105122884825	1	5.59690949321424	8.97940234522508	7.04915126652027	8.35570097298264	1.6846858101958	10.7882654187445	1	1.56381371073896	1	4.75784757463177
ENSG00000253394.1	rest	ENSG00000253394	21.5712775727003	3.87872225157502	11.3364401464588	2.40556479950681	6.12920537228332	3.13417386852942	2.61617790321577	1.91270622620277	6.39434989070658	2.4034538208184	6.10428302845387	9.40919562581361	1.5037165828126	1.74287173670466	1.48910906130735
ENSG00000253522.1	rest	ENSG00000253522	22.1274440453434	8.6556556121321	11.5076194298766	3.39901390759174	5.53540770557456	3.78427478676876	2.43962427701963	2.0551637040279	6.42875645059815	2.27758990228154	6.1129821319473	9.62646769552607	1.42358546943202	1.70643806454324	1.48505370644679
ENSG00000253659.1	rest	ENSG00000253659	21.3959128395026	3.95985565531736	11.448132252972	2.0728979937246	5.96106935369414	3.03886051820778	2.28177724811134	2.1977294592755	6.29367957618947	2.41821000355241	6.15077192773218	9.44044841742167	1.48179379078839	1.68602664038374	1.53221471108553
ENSG00000254166.1	rest	ENSG00000254166	21.4098007129518	4.004840982937	11.4044074777451	1.99357111444657	5.40657812212731	3.68245253511	3.16702700501492	1.95609472941598	5.80333720035724	2.38461779080178	5.76248802076659	9.34712975789092	1.51330579900585	1.76963266042491	1.4652632268071
ENSG00000254277.1	rest	ENSG00000254277	20.9214246330143	3.99475370624199	8.56650702234052	2.59237862529145	5.37997096953458	2.51743784955158	2.1826174492543	1.92328053344393	6.07457392425859	2.3271230142928	5.67338969199149	9.9646528297389	1.67166467856184	1.60800989461755	1.54136300750243
ENSG00000254337.1	rest	ENSG00000254337	21.1312927076944	3.96742074999112	11.5025029982123	2.07366866772923	5.83823659237131	3.00733655304781	2.20492193950404	2.30033610518484	6.36974816761449	2.07014127028735	6.29956406233042	9.27614750811934	1.38189115446411	1.65091885546976	1.46475879000073
ENSG00000254339.1	rest	ENSG00000254339	20.6663164963322	4.00432587052026	7.54294335968986	2.78380482739477	5.10858278198438	2.29455981602942	2.03472078956063	1.93179526097743	5.9519539109462	2.29821523543251	5.51219083783938	10.1841854886924	1.72961649335965	1.55735569207777	1.56086997047129
ENSG00000254934.1	rest	ENSG00000254934	20.1883325721276	4.02169485488706	5.61024228056415	3.14489803042716	4.59577220026895	1.87710210811677	1.75513705258034	1.94978975943922	5.72008732977395	2.24348478932123	5.21122119268835	10.5976805735415	1.83620169745231	1.46286165038026	1.59863651091108
ENSG00000255135.1	rest	ENSG00000255135	20.437405188532	4.27214238440868	10.7501418357285	2.75884413897811	5.61750758604205	3.1661550649394	2.78537909787025	1.9667128510458	6.29437342048759	2.04928839135671	6.17060231677998	9.67625018697155	1.64375350264452	1.84092408336571	1.5113792545146
