gene_id	withinSubset	lncRnaName	Comp.1	Comp.2	Comp.3	Comp.4	Comp.5	Comp.6	Comp.7	Comp.8	Comp.9	Comp.10	Comp.11	Comp.12	Comp.13	Comp.14	Comp.15
ENSG00000004142.6	rest	ENSG00000004142	39.6460634677659	5.82413876312833	2.2066240100727	6.49099414739223	9.70081184094764	2.03333211339287	2.05234024560304	7.91987078416235	7.98065025532966	1.24104714015125	3.14884470574062	5.04971903634211	1.35962614141149	1.96952157776201	1.14937126894688
ENSG00000006534.11	rest	ENSG00000006534	41.2862691774417	5.74840310563817	2.24675655791413	6.43141584030333	9.82641044380643	2.10779229440148	2.2579268376071	8.04588493230156	7.98454276064355	1.32301725243125	3.13278633095957	4.89488414485658	1.40117918818586	1.98781149777303	1.17550437746153
ENSG00000085365.12	rest	ENSG00000085365	40.518046206686	5.05103093997501	2.37977532274839	6.42410697593124	9.65556717477197	2.20652944563604	2.32269388683633	8.03055845492359	7.94479821305262	1.37039268364054	3.12214025455512	4.82869693001988	1.39575320326691	1.99968511161727	1.16672332285581
ENSG00000088970.10	rest	ENSG00000088970	41.2459511839484	5.65017452670759	2.25830329923946	6.42276611386304	9.84546243980084	2.11253905706382	2.24527259573191	8.09183832934153	8.01598345056848	1.35777975992558	3.12958257124947	4.85515221524836	1.40307398905353	1.9875851357965	1.16598678668732
ENSG00000100181.14	true	ENSG00000100181	41.3824620956613	5.64529342097623	2.43277532395851	6.24264402575105	9.83325099774206	2.10986678090412	2.3003535637743	8.08128665575754	8.04219516376804	1.34386177673201	3.12283689683744	4.86450149071536	1.39617038024953	1.98094229863551	1.16350320002522
ENSG00000104691.10	rest	ENSG00000104691	41.3617007122808	5.67006868314083	2.28662944364512	6.4180723226456	9.81219166864276	2.11236596018565	2.27374313023218	8.08830294835341	8.01933077806729	1.35123208808224	3.12578004440551	4.86838948759026	1.39790978810816	1.98581517927518	1.16746018562207
ENSG00000126005.9	rest	ENSG00000126005	41.2568417464343	5.70581393733984	2.27440179465389	6.44537868210166	9.78544565875737	2.10611002412045	2.24814147862474	7.9854371978644	8.07139795373796	1.35224563084396	3.14431784720967	5.00834713955213	1.38973929654564	2.02184221482361	1.14135554361702
ENSG00000126749.7	rest	ENSG00000126749	41.179889056115	5.67210080682227	2.33566554962088	6.4558099321168	9.7807765384543	2.10140723593426	2.27397681040441	8.0253498418631	8.01395325936269	1.35391066332385	3.1880014402115	4.85592958220618	1.38722031546541	2.00016325342033	1.15724690810984
ENSG00000130600.9	true	ENSG00000130600	40.9531497952078	5.71717995074066	2.45041777053546	6.09402996290255	9.20612692350652	2.19723837787701	1.77982293528025	6.9222933401046	7.84070104871406	1.4014595314399	3.71346796161642	11.2517991283451	1.1509587738064	1	8.30370861852694
ENSG00000131401.6	rest	ENSG00000131401	41.4052104465077	5.6685557673179	2.4090867210838	6.56367712170951	9.81483847486609	2.10711218001232	2.28918870839774	8.10694964481397	8.02164111247833	1.33150695630683	3.14310206711786	4.86397561461122	1.400088826986	1.98356799243608	1.16555077295511
ENSG00000137700.10	rest	ENSG00000137700	40.7138452504905	5.65234685722118	2.28728947176776	6.43070341674689	9.80035434831302	1.98648261454711	2.1293516369448	8.12324031070644	8.05861590410008	1.33081651920629	3.10635732681756	4.84257525820766	1.40255289611094	2.01233045723134	1.17135625857705
ENSG00000142396.4	rest	ENSG00000142396	41.0672250851062	5.70120735086684	2.30506768769961	6.43050395134816	9.80052806703495	2.12121751797585	2.35496431408664	8.06264696434575	8.01515404991352	1.32389107861638	3.12722284177649	4.85703717661979	1.39414948384046	1.99230700426302	1.17040222441988
ENSG00000147676.9	rest	ENSG00000147676	39.6359933582354	5.58960267778078	1.84429041990055	6.52483035775317	10.1316502099787	2.06100742552589	2.30976083684929	8.1717148066854	8.04089907785668	1.37393126371884	3.1413040457792	4.82603105246566	1.36263355679341	1.97843044534067	1.16321224469753
ENSG00000150316.7	rest	ENSG00000150316	41.3264281990333	5.64890211548383	2.34279243067036	6.39856091788345	9.80330195081582	2.12215821109136	2.2810981890087	8.08100826631447	8.01190059711997	1.35817158431579	3.13937466933277	4.85448219362084	1.39262628755775	1.98533622422489	1.16496116609785
ENSG00000162290.10	rest	ENSG00000162290	40.6717754830992	5.48407861283899	2.28109186867658	6.45153793861156	9.68619350431833	2.20753474242395	2.36039823878024	8.0715010638161	7.9770313948141	1.3552641254402	3.13565346006823	4.84125513495526	1.39443305326517	1.98557652078688	1.15551177383108
ENSG00000170846.10	rest	ENSG00000170846	41.3637724234426	5.6485411970861	2.31577846972418	6.37586532743445	9.81541209907187	2.10459906774646	2.29527759028724	8.08484586971779	8.02339262127486	1.34936494230356	3.12601794931905	4.86109613451183	1.40004838253889	1.99171602049002	1.16694448765979
ENSG00000172965.6	rest	ENSG00000172965	40.7375259952211	5.73726166899996	2.34291562359347	6.28628051500945	9.55374954726704	2.15557868453979	2.28019092261224	8.02197489066087	8.02823956960005	1.33421866564186	3.17829717744863	4.9027867755968	1.35517299257987	1.979303298695	1.18999506629271
ENSG00000175061.9	rest	ENSG00000175061	34.6817874654999	3.54030071113439	3.84343942970605	6.07385728038748	9.21966132943283	2.63320499776271	2.11973802407301	7.50317521006962	7.54748658426311	1.0430425132871	3.67411895873479	4.71942007912241	1.69459530995861	2.00797485508736	1.14687224935385
ENSG00000175772.10	rest	ENSG00000175772	41.3858285635827	5.68221773915408	2.26074459345571	6.4294047159975	9.78396900815025	2.07595397803723	2.27597537781726	8.07681679173589	8.00242007690074	1.32278055983964	3.11509903706352	4.85496740299584	1.39866955821202	1.98431893820061	1.16474001250176
ENSG00000177410.8	true	ENSG00000177410	41.1772264425187	5.6590608190663	2.34146422609236	6.37678542282941	9.80280036846791	2.08867134122083	2.34335367865462	8.04693764230017	7.99311403100601	1.31115250956519	3.13479036928142	4.87020670841722	1.39891824910358	1.99238975566695	1.16000444745571
ENSG00000180712.3	rest	ENSG00000180712	41.377535358298	5.66028617421453	2.5401429667438	6.68569754161436	9.81465513735349	2.10686006090795	2.292067913391	8.12654213095265	8.02215213382775	1.31404620048789	3.15947122738593	4.86628957710409	1.40039608399507	1.98083052306425	1.16598209967823
ENSG00000182165.12	rest	ENSG00000182165	41.3237159902022	5.68222874984696	2.28194815784967	6.45954605521334	9.78065413290806	2.09079544207161	2.27973686525732	8.07206821593209	8.02052741821445	1.35488480385106	3.12261171281147	4.86210774277891	1.39499437955943	1.99147437475976	1.15983442568494
ENSG00000182841.7	rest	ENSG00000182841	41.1210049760379	5.60150289435662	2.32170623088284	6.44625351618147	9.76952523300514	2.13172317268978	2.22920152076809	8.107381050737	8.02019782011627	1.33031601838435	3.13240848889321	4.86753791849119	1.38591339790844	1.98239857656379	1.17961893481892
ENSG00000184324.11	rest	ENSG00000184324	41.4268937492727	5.67565026875274	2.27845710284934	6.42215371334889	9.81573747252199	2.10881868581568	2.28608815596679	8.08261414340299	8.02057493192948	1.3572538269349	3.11900643490352	4.86076648895746	1.39844025834516	1.98629166337327	1.16516168292338
ENSG00000185044.8	rest	ENSG00000185044	40.8780717623051	5.46370301208541	3.76736309515873	4.96625311069281	10.0347813240536	2.04312827269305	2.40847622887434	7.96518653598516	7.99873343848954	1.46188494034592	2.94951538608205	4.84935424303761	1.35827844726201	1.98400843359505	1.17325272200858
ENSG00000185433.4	rest	ENSG00000185433	41.4098019737641	5.67028585626588	2.38338337646352	6.53977415235044	9.81507444882056	2.10749629888296	2.28833818442313	8.1036445146023	8.02202828017449	1.33556510998782	3.13993764432492	4.86357955274821	1.40002321836063	1.98409063121796	1.16545486387089
ENSG00000185495.6	rest	ENSG00000185495	41.3358941838918	5.63742906790125	2.32189517046683	6.42128185125271	9.81096558352636	2.09801351113243	2.28476766618934	8.08948146682807	8.019971070535	1.3493212296019	3.12908204046462	4.86464771959974	1.39912102550159	1.98117660032092	1.16947194156973
ENSG00000185728.11	rest	ENSG00000185728	40.6827385911993	5.24516160066985	2.28310185157525	6.45681811125496	9.57881862393468	2.10841232155538	2.26515148646865	8.00416819697559	7.99150718156218	1.36934239616634	3.1324500532609	4.88798535048593	1.40534086506628	2.00039792134728	1.20459125754121
ENSG00000186056.4	rest	ENSG00000186056	41.3462880366	5.6964563413817	2.32228575823769	6.37585593042613	9.75218368234809	2.13468147356631	2.31474448320028	8.1000809111471	8.02569432890519	1.34111707717336	3.11780990810468	4.85851479882871	1.40869114506505	1.98340657215288	1.16301264547529
ENSG00000186594.5	rest	ENSG00000186594	41.3717692312743	5.69841545729604	2.26984931297953	6.42393714342064	9.7505976726034	2.1318683473041	2.26884151455072	8.0446167378975	8.01060646623582	1.35876852169782	3.15843978944549	4.87764083915614	1.4224064398164	1.97959941762769	1.16862224477347
ENSG00000187156.4	rest	ENSG00000187156	41.4124426948264	5.66454537930364	2.33485901271207	6.35705442154374	9.82625543753532	2.10809207679317	2.29287924429208	8.08005077784264	8.02139357611439	1.35978659012288	3.11530488976743	4.86074185463306	1.3974461582676	1.98645169174118	1.16494450849768
ENSG00000188206.5	rest	ENSG00000188206	41.3067251164931	5.59177543610438	2.34923644851143	6.38893602559065	9.82502717079518	2.11664650801625	2.28470629827551	8.09368537409849	8.01527508498347	1.34667265011235	3.12792677816276	4.85884469400729	1.39943800416994	1.98472876176056	1.16388947497986
ENSG00000188338.8	rest	ENSG00000188338	40.4312286389451	6.19473776428659	2.10782137697557	6.44535835525658	10.035336568098	2.10080113422588	2.23295478447087	8.14072371307156	8.03281610238337	1.37610579706694	3.12376680952855	4.83944771001884	1.37586881293315	1.98577848586697	1.16809547384753
ENSG00000189223.6	rest	ENSG00000189223	41.3724377861936	5.66375505903555	2.3776387786287	6.41857343749206	9.71725426149165	2.04231027136077	2.28484759910045	8.0910005395806	8.02160948534489	1.35025951897332	3.15110591963898	4.88045453142359	1.41338186303721	1.97423799673645	1.17942590469411
ENSG00000189229.10	rest	ENSG00000189229	41.2117290674946	5.65695112057575	2.55307186370314	6.08041141205079	9.89938557621299	2.10701484686858	2.32173611871952	8.0927228655852	8.03053545365002	1.35361212698523	3.12597639424587	4.85888524431737	1.39271888680954	1.98785477268682	1.16385054840053
ENSG00000196756.5	rest	ENSG00000196756	40.4158232422799	5.37054530077991	3.28658001372099	5.39683897152342	10.0512937838306	2.06108108700946	2.18519520627344	8.11153085772728	8.00374976288092	1.3287266414459	3.14047991774008	4.87237025444461	1.3978884927746	1.97977787774959	1.17458935139704
ENSG00000197463.8	rest	ENSG00000197463	41.4264948951613	5.67553350748284	2.27944676769268	6.4210724787392	9.81634323220758	2.10863176367873	2.28595029624558	8.08237057178751	8.02049383800353	1.35747422937376	3.11907404692914	4.86071792179926	1.39838704085125	1.9862891587495	1.16516607772079
ENSG00000197989.8	rest	ENSG00000197989	40.9619264063434	5.45141267418628	2.6083843068584	6.19914611643965	9.87424121053277	2.10478557994103	2.2804311501534	8.10317576153685	8.02361675135262	1.32144056480031	3.13724743051906	4.86636576470232	1.39677996680031	1.99441471311859	1.16185151913133
ENSG00000198833.4	rest	ENSG00000198833	41.2889088871227	5.6554090175074	2.44129949183855	6.48347370841081	9.71997942874595	2.15173666626013	2.27470042715944	8.11852335016441	8.02815094091784	1.32838749974845	3.13084126422845	4.86051199956419	1.40140991144207	1.98765441676175	1.17201422783315
ENSG00000203279.2	rest	ENSG00000203279	41.3505190271179	5.61782865544776	2.24808880724532	6.43544973384458	9.82586427228727	2.10957413751047	2.28585675696079	8.08801460851766	8.01618540670848	1.35647581612265	3.12787903687156	4.85869659590414	1.39763570949187	1.98607497559018	1.16503779955778
ENSG00000203497.2	rest	ENSG00000203497	41.155224674384	5.74496961780944	2.26983691168514	6.46951911367325	9.82194121155261	2.09203772785984	2.24619893919176	8.08447576163308	8.00384043031767	1.35529208101365	3.10774843309394	4.87982959128872	1.38526048729124	1.98437589674496	1.17863444731299
ENSG00000203499.6	rest	ENSG00000203499	41.3458377193809	5.67698901691925	2.25334087137822	6.4284359941675	9.75520793056926	1.93256504680353	2.30004124954547	8.08441510122637	8.02778901899925	1.35296120568642	3.12676481748454	4.85670349123814	1.39897200306223	1.98264685739602	1.16753745041363
ENSG00000203875.4	true	ENSG00000203875	41.2469935276414	5.57669399044752	2.39357559480885	6.33728194091303	9.7922817111368	2.13316098895086	2.30545919875034	8.09087828795628	8.01739895182551	1.33797326123868	3.11918645584318	4.85536589201921	1.39858718370617	1.99079268945605	1.16750374864939
ENSG00000204054.5	rest	ENSG00000204054	40.8859073538637	5.91652975828174	2.23830445257582	6.38995494135414	9.77685714811026	2.03806520002982	2.29345483766865	8.06951213244138	8.01235922247731	1.36448752337259	3.10160862448276	4.85905139449972	1.3853806421503	1.99564302085591	1.1645725407293
ENSG00000204164.5	rest	ENSG00000204164	41.1987528499048	5.63282554398493	2.3273337628944	6.3634483651638	9.81802955533347	2.10754874173042	2.31135667452133	8.08007303531469	8.0222849668944	1.34454928350954	3.1186731850508	4.85909370074301	1.39710027383543	1.98542178740908	1.17243993029587
ENSG00000204272.5	rest	ENSG00000204272	41.2997440270381	5.60585188400107	2.27669852629329	6.46654075225229	9.74805541522524	2.08525536344185	2.26790382823016	8.04170960657367	8.02520190089907	1.35217096435148	3.1236154616004	4.87433570616749	1.3971253663969	2.00123177870049	1.16391053488273
ENSG00000204623.4	rest	ENSG00000204623	41.073976856937	5.47713707848581	2.3494206109532	6.44438379272553	9.8587170447375	2.1277863957239	2.30741115387987	8.07806519916423	7.9943657760338	1.36936400684731	3.11694052731065	4.854596618099	1.39729413149298	1.98198556581622	1.1674000966749
ENSG00000205662.2	rest	ENSG00000205662	41.2626717131009	5.55556563220056	2.36448363753612	6.40671804655846	9.82033438577802	2.12498044535415	2.27979142225741	8.07896547452157	8.01872114598236	1.35374256387575	3.10875952190618	4.85992878248678	1.39358912031222	1.97597087796929	1.15756708135053
ENSG00000205663.4	rest	ENSG00000205663	40.9320030717605	5.30372724781881	2.62153979367873	6.42027092754526	9.78637958486882	2.12000506151915	2.2897132768453	8.07200964089994	8.00971090693467	1.34330432483689	3.09287738716458	4.86432162982597	1.38593229242831	1.95970173770692	1.13722354034635
ENSG00000205861.7	rest	ENSG00000205861	41.4200447350651	5.67839144480443	2.26858726036567	6.43465952653251	9.81465819345554	2.10686954750727	2.27998601193194	8.08423681523824	8.02298461058327	1.35191896602018	3.12795202305676	4.86458225430845	1.39851956652568	1.992638620243	1.16228054270874
ENSG00000212978.4	rest	ENSG00000212978	41.3532125302131	5.68164764323101	2.25913483359494	6.43947330202691	9.80668472373532	2.10190160469511	2.2861993571829	8.06465975418323	8.00938616594035	1.33622181156986	3.12594672685835	4.86399563122032	1.40013333142756	1.99454183868309	1.16456864465338
ENSG00000214049.3	true	ENSG00000214049	40.6365901797787	6.01017293749207	2.42542756750936	6.12712456359118	10.012089594748	2.10658897492314	2.33124792493597	8.12329201254551	8.04586268430817	1.36034567651124	3.1273860118224	4.84635651735692	1.37958326614219	1.99351907888723	1.16601109427736
ENSG00000214548.7	true	ENSG00000214548	41.2947238297422	5.70032735620673	2.29272115618227	6.3630955370823	9.14368097397297	2.38985336088997	2.21545497259867	8.18675648395188	8.04531581217794	1.28876579870487	3.1150630284185	4.86073953467942	1.38727596799494	2.02140309838932	1.1492610590236
ENSG00000214719.4	rest	ENSG00000214719	40.8108315265796	5.51864157303454	2.17454531858911	6.51695135844214	9.86182528658433	2.1529618910411	2.26001852640306	8.09020719539077	8.00033219112364	1.3329908213315	3.12706569473268	4.85743169213771	1.3934664410202	1.99191101874474	1.15906084121453
ENSG00000215417.4	true	ENSG00000215417	41.2862017965192	5.57888314524068	2.53280380284365	6.16990112644435	9.86560900250571	2.11067606510791	2.31298994558012	8.09345288180805	8.02632771138205	1.34572735716678	3.12671137476078	4.85974018535162	1.3962086182899	1.98934226418136	1.16462728929721
ENSG00000215447.3	rest	ENSG00000215447	41.1960803911716	5.60979939114282	2.26859484639951	6.41368401282113	9.74563876018673	2.08629452500283	2.26855819491817	8.0502658251746	7.99820430447709	1.40215985221981	3.1064269244875	4.86975303951128	1.38988838130545	1.98248222461522	1.17634773493362
ENSG00000215908.4	rest	ENSG00000215908	41.2148876302612	5.66818425025796	2.29214307130692	6.4087115529862	9.80298267150225	2.11483504875164	2.25452805585605	8.10605641625536	8.02244737510105	1.34763437986483	3.11110255142468	4.8591457290144	1.39547317475686	1.98458280290026	1.16275404324607
ENSG00000219481.3	rest	ENSG00000219481	41.017463322366	5.71352287936679	2.25534108976804	6.38546988319868	9.65320874481233	2.05449021761232	2.30288390798092	8.01682379777486	7.97002177850086	1.37399458815054	3.1391000055771	4.86949339052319	1.41421699676414	1.98567535872666	1.12788479360099
ENSG00000222041.5	rest	ENSG00000222041	41.0254198298206	5.69486716355816	2.47110915132376	6.22416873281104	9.21997272273055	2.37208412274619	2.2893191094447	8.19352952288029	8.03357980043143	1.27286910327298	3.08903086249805	4.88553093836416	1.41344421618114	1.95965002331224	1.20346988554367
ENSG00000223380.3	rest	ENSG00000223380	40.5967995826678	5.66970836607827	2.5859678815969	6.35036529291875	9.496299144457	2.21778596869016	2.23561769196146	7.91241370511485	7.92741753285837	1.53012185246972	3.37169541150504	4.81810445371137	1.44652304625034	1.96296039652221	1.18567262212683
ENSG00000223414.1	rest	ENSG00000223414	41.0628544127007	5.875392352893	2.20710578800536	6.43656208199361	9.8749614263895	2.11719506327654	2.33579076809546	8.02082739335101	7.94621943767708	1.26351991471886	3.11444215650754	4.83820185936204	1.38403786476068	1.98889025313112	1.1681376277245
ENSG00000223477.1	rest	ENSG00000223477	41.390097074211	5.69461587721043	2.26265887547076	6.43051418477601	9.81240496933887	2.10253626752341	2.26043270203983	8.02828154002358	7.97454441886715	1.2787590016085	3.10875034509315	4.84709815759504	1.39700451768761	1.98119763505158	1.16477025965206
ENSG00000223478.1	rest	ENSG00000223478	41.2779779549093	5.65258723288772	2.32864265317268	6.46044941993637	9.79954547514556	2.06755203649877	2.25470969581171	8.09670355537336	8.01443957724037	1.34170552372457	3.12526428332084	4.87127626909549	1.38864385399622	1.98807012607111	1.1485183662986
ENSG00000223482.1	rest	ENSG00000223482	40.9384743123393	5.51225032112893	2.46353198998576	6.38616624412971	9.62792729206737	2.19883401763369	2.20697842668263	8.15581371413245	8.02990540933965	1.2958172241359	3.05025926188506	4.84879853804376	1.41079878223426	1.99928336491108	1.17241880754789
ENSG00000223573.1	true	ENSG00000223573	41.3815530570853	5.68353077254449	2.26124536975938	6.43019369443614	9.78376204995511	2.01019077666605	2.28079132409267	8.08468999761916	8.02627015825844	1.35201671079398	3.12441325092805	4.85711095563784	1.39867438963325	1.98273269198909	1.16523577989748
ENSG00000223745.1	rest	ENSG00000223745	41.3371846450789	5.58952377097715	2.34088031657578	6.4381372775031	9.80251897367091	2.12282345987043	2.28779328849807	8.08663793899986	8.01285489258015	1.35549965432069	3.11511622025968	4.86005307517987	1.39701693821745	1.98581420043585	1.16720113043229
ENSG00000223768.1	rest	ENSG00000223768	41.3621969125457	5.65746473274603	2.2676428375751	6.42423602982608	9.79300231996957	2.11075889439459	2.28158629799807	8.07737066381577	8.01341412562588	1.36679687658412	3.11741164744453	4.86045910688378	1.40028901019655	1.98340197635805	1.16797216371927
ENSG00000223808.1	rest	ENSG00000223808	41.4300784427966	5.67745444733325	2.26673921720152	6.43104873340468	9.81186128084502	2.09984796261142	2.28581831112381	8.08719987113603	8.02163027033065	1.35188502862679	3.12525659785431	4.861271397744	1.39974225734816	1.98645661112545	1.16508759660485
ENSG00000223812.1	rest	ENSG00000223812	41.4247790447868	5.67343268731542	2.28894990831101	6.40631881956487	9.8158184646879	2.10937455757755	2.28704287684156	8.08713410264559	8.0225333704758	1.35222591010566	3.12272889374065	4.86129181727666	1.39914929137266	1.98647730886445	1.16497702283818
ENSG00000223959.3	rest	ENSG00000223959	40.5459479334747	5.45739003689248	2.30435045855257	6.43028848657285	9.51104096021953	1.71492502205475	2.39049130147944	8.14680149722538	8.03664546615564	1.30200888085	3.10343906392599	4.84782483063886	1.37131697228343	1.94965632180897	1.15948899832779
ENSG00000224032.2	true	ENSG00000224032	41.1413924209902	5.68951277519397	2.26573145916234	6.40764082339417	9.82118019248415	2.10337222776392	2.23753364583063	8.07780188883363	7.99175092390253	1.33439212898042	3.1225355987766	4.85008771884889	1.3960455283452	1.9798441018545	1.16816093206507
ENSG00000224093.1	rest	ENSG00000224093	40.5921543326112	6.12654600343082	2.13015256045805	6.44697769185632	9.99338964421199	2.10851024858514	2.33072639064568	8.12511015473709	8.03549465681387	1.36675275399083	3.13228445879871	4.8456625681244	1.378255603608	1.98955551522717	1.16658353976771
ENSG00000224115.1	rest	ENSG00000224115	41.281028794167	5.71281352952783	2.25328304638583	6.42774414557272	9.79797746318505	2.10501800721919	2.24346315160513	7.84982663855136	7.74286832181791	1	3.05752151890452	4.80444283217058	1.38989866361455	1.98440882074077	1.16875455468569
ENSG00000224137.1	rest	ENSG00000224137	41.4107808566198	5.67056924811969	2.3785226752559	6.53527629509985	9.81501113267988	2.10759224152171	2.28888139605389	8.10288304385337	8.02205088351404	1.33620069599032	3.13937403261685	4.86352845433288	1.40000305652547	1.98421435749241	1.16544388839882
ENSG00000224189.1	rest	ENSG00000224189	41.1740189892547	5.80979500520747	2.23140405898425	6.43084440337865	9.83273174452044	2.11557871535447	2.22571044372792	8.11447103092198	8.02517255253864	1.35670133142869	3.10537259616703	4.85144978996824	1.39233061611157	1.984258589592	1.16496642440109
ENSG00000224428.2	rest	ENSG00000224428	41.2153857199291	5.5928746916789	2.3619156326584	6.37417690355672	9.76943380906003	2.06142575221454	2.25827033002719	8.04654267747452	8.05588060413208	1.33620226165988	3.08875366168183	4.86051341327219	1.40644175726088	2.03109146735896	1.17360666556546
ENSG00000224459.1	rest	ENSG00000224459	41.4175006678217	5.68163740510589	2.26676914410627	6.42820448281154	9.78547004072805	2.12132148040397	2.28012735362921	8.09837767285688	8.02523011724617	1.34782425178848	3.11529026289906	4.86027015585127	1.39868261884819	1.98600354198684	1.16497868575839
ENSG00000224597.3	rest	ENSG00000224597	40.9704753441663	5.86413747925348	2.29220596748803	6.37019402860774	9.61780819595575	2.1171282446756	2.27189729340037	7.94005552696144	8.04786788850949	1.35912122710011	3.17378865612354	4.88898417193877	1.38457438685507	2.0101254215571	1.15115695594876
ENSG00000224738.1	rest	ENSG00000224738	41.222277297928	5.63586412069255	2.2606680556416	6.42412310617056	9.53426165261789	1.39241103078114	2.3510678565668	8.11392845538522	7.99049488412892	1.36896662818123	3.13058253018894	4.84414879933077	1.40234540953638	1.98411241237831	1.1683332483405
ENSG00000224818.1	rest	ENSG00000224818	41.2473517229477	5.66362890433645	2.30238503366222	6.49860044612131	9.79229281280153	2.07292542765866	2.24466489717134	8.04768693356319	8.020370603038	1.35562363000899	3.15880541775027	4.89456573868313	1.39698270306493	1.96553595136413	1.16371817996632
ENSG00000224870.2	rest	ENSG00000224870	41.1743619664286	5.66269095793674	2.26179702247395	6.43862703347201	9.82369188726872	2.09989718417064	2.31991202409832	8.08043797415044	8.015128911371	1.35391103251051	3.12543097115623	4.87299061507746	1.39067776983319	1.98411438906857	1.16464081064854
ENSG00000224930.2	rest	ENSG00000224930	41.0059443244983	5.90745022943259	2.19593786737895	6.43881936125668	9.90430006197388	2.11151496822166	2.32592069800298	8.10320626258522	8.02967992119355	1.3585495895784	3.13113615158966	4.86279122437304	1.38835122243232	1.98746820822307	1.17520709939986
ENSG00000224959.1	rest	ENSG00000224959	40.3748015930574	5.972466150789	2.4074895088591	6.06723787435214	8.11326710036037	2.81697519977508	1.88950273943984	8.50659523999835	8.02801992445923	1.0442711488391	2.83806672590996	4.77145507718182	1.38583792429166	1.95608784127505	1.14600388359898
ENSG00000225074.2	rest	ENSG00000225074	41.3496942531105	5.72114597677461	2.2542296463819	6.43218656757619	9.833567334852	2.10726286053088	2.27690629788339	8.09124611119919	8.02210439996746	1.35274638322726	3.12480919532222	4.85917080538862	1.39776173201283	1.98632112952022	1.16510151554876
ENSG00000225135.1	rest	ENSG00000225135	41.3942227781929	5.66405440636768	2.35612221006016	6.3357101495259	9.81860888426518	2.11252645337137	2.29181581820886	8.08022562383321	8.01959707485742	1.35678506136001	3.12724507256539	4.85859557273757	1.40107432337871	1.98511950961792	1.16453296978292
ENSG00000225151.4	rest	ENSG00000225151	40.6241649188129	5.39526655833802	2.2347165248705	6.50783752746013	9.84067051240293	2.0491248150467	2.15988171944395	8.05544885672711	7.9748877785111	1.33957760518064	3.10232210981788	4.84191786221715	1.37972531873379	1.9882166061829	1.16796238264415
ENSG00000225210.1	rest	ENSG00000225210	39.5756029302668	6.55687095917487	2.13303300818287	6.33590400449421	9.96987806408411	1.5394302507272	2.03201612827358	7.98769397284349	7.8411921201217	1.34863486578221	2.94165261530321	4.77025206073541	1.33643752130103	1.9794251738259	1.17487070166395
ENSG00000225241.2	rest	ENSG00000225241	41.0296445863997	5.77421160123609	2.38979537092924	6.45859883999857	9.65828882994145	2.06323416050486	2.22395964718864	8.0404860062459	8.04287593857092	1.34368500675446	3.13300754606485	4.86804852435622	1.40251280526487	2.0122662868001	1.16013461912155
ENSG00000225733.1	rest	ENSG00000225733	40.8836588731401	5.48003978646317	2.33723776740524	6.37052761033601	9.67535637371075	2.13904726398178	2.26914751611174	8.10276966227763	8.00787332250727	1.3273213092248	3.09979100534962	4.87097728251239	1.38999839805597	1.98267019086411	1.16244011759366
ENSG00000225746.2	rest	ENSG00000225746	41.296783592702	5.70087328569206	2.30001382281979	6.36648653326581	9.17044234111783	2.38522048160994	2.20216453129846	8.05516944901077	7.9718201372183	1.43629097107556	3.37397673672031	4.78935067150103	1.29577321313828	1.99669798120559	1.14863197904593
ENSG00000225760.1	rest	ENSG00000225760	41.2624624220115	5.64454799690717	2.28514834394127	6.42802807056934	9.79726895688971	2.09752140868886	2.27675707669639	8.09199475428973	8.01910891225226	1.34968019596111	3.12056309608203	4.87205873285023	1.39431671053946	1.98331970715566	1.1612671478147
ENSG00000225791.1	rest	ENSG00000225791	41.302216568	5.63774653215607	2.29219220492642	6.43078222561415	9.80180947912329	2.09554565819213	2.27313618463787	8.07559549134028	8.00579909007823	1.36417014453282	3.12450521595921	4.86766028444515	1.4037753827163	1.97977057599475	1.17898926763313
ENSG00000225873.1	rest	ENSG00000225873	41.4001842444974	5.68304201417785	2.29796613301853	6.40112747539042	9.82065724556208	2.10821703153058	2.29337790594015	8.08778165594866	8.02303034070475	1.35267246796258	3.12272896689198	4.86106821706027	1.39833406606643	1.98661650510051	1.16504991673432
ENSG00000225973.2	rest	ENSG00000225973	41.3417101241393	5.68154594365372	2.31034615766153	6.40021731943182	9.80911402473314	2.11699550819227	2.29381765606597	8.0852741561646	8.01578914560777	1.35011147298821	3.1246035995895	4.85823235774745	1.39910964083857	1.98499943091264	1.16606726805805
ENSG00000226007.1	rest	ENSG00000226007	41.4251929339077	5.67590092580199	2.27145922281571	6.43566294661593	9.80785051775614	2.10826573834603	2.28508090901535	8.0839679651834	8.01767306741365	1.34677779630804	3.12255576672178	4.86071797767487	1.39909505820404	1.98612710171411	1.16486572341005
ENSG00000226198.1	rest	ENSG00000226198	41.2777226185646	5.70479764898747	2.25153248719571	6.42995910516233	9.80039124859378	2.09443929809513	2.24839804379201	7.8902304075024	7.78764343731354	1.06017893499312	3.06825117314262	4.81276578146652	1.39139232432445	1.98441202921024	1.16808357384032
ENSG00000226363.1	rest	ENSG00000226363	41.4265316980729	5.67846455557665	2.2675494231148	6.42896070088033	9.79247418748376	2.11543716999527	2.28390271347627	8.09477210579386	8.02430627759578	1.34857092828151	3.11842188710308	4.86085143944993	1.39904808569711	1.98624027813209	1.16503206649876
ENSG00000226381.1	rest	ENSG00000226381	41.0942233926498	5.51910246786568	2.43991462706685	6.44504336201563	9.70743816250873	2.16063770251483	2.22882751831874	8.13958015081067	8.00681735129633	1.3204116131375	3.08803485414595	4.85252515005864	1.40715190695989	1.97716457089082	1.16502453782298
ENSG00000226453.1	rest	ENSG00000226453	41.0040033595822	5.85898885508222	2.2194148593136	6.43307168964978	9.90335300610681	2.08557138765799	2.22952814280632	8.11436013125288	8.02294649438701	1.36362468676801	3.12525518762722	4.84994421397368	1.39266257035343	1.98407739784185	1.16521551834965
ENSG00000226752.1	rest	ENSG00000226752	41.2812443267376	5.63849022284705	2.37480593863155	6.3429781331835	9.81973330515691	2.10153383500265	2.30115834731982	8.09108388032641	8.01793691375171	1.35114893083789	3.1252469456679	4.8613489664012	1.39586636382703	1.98680884279381	1.16564500598242
ENSG00000226779.1	rest	ENSG00000226779	41.3799198911161	5.65890747706184	2.55271150551556	6.69734122533329	9.81452364069964	2.10655263708475	2.29395939743165	8.12765624103984	8.02211817380539	1.31211938698508	3.16140078814356	4.86670879112444	1.40051530094985	1.98065830069888	1.16604406065154
ENSG00000226900.1	rest	ENSG00000226900	41.3976983399551	5.67289196042101	2.25978446879167	6.4342209709306	9.82028224893021	2.11024342136551	2.2885015710404	8.08357884449423	8.0198118377329	1.35822373392322	3.11980353907394	4.86074264977555	1.40001747557165	1.98596544892199	1.16478007252872
ENSG00000226950.2	true	ENSG00000226950	37.0878616919272	1	1.96910786106953	6.80283452154864	9.94903222092821	2.41512888039599	1.81917472022196	8.56064042274723	7.81144740321464	1.26493753432268	3.19300942838725	4.80681588018605	1.33961577727608	1.94907908281335	1.16731113886878
ENSG00000227036.1	rest	ENSG00000227036	41.2463106728209	5.75430532829306	2.25346406748426	6.44535666170143	9.83845117345794	2.08121564591962	2.22409485471532	8.05531081229453	8.01000753327449	1.32036359088472	3.11653082113591	4.84576960108629	1.39634386281317	1.98706157404273	1.16897681926466
ENSG00000227280.1	rest	ENSG00000227280	41.1017648761295	5.40852621151295	2.23334460929924	6.42191955276573	9.7748071525441	2.10873566282882	2.26798642038715	8.04149669530538	7.99098816442759	1.39742732219683	3.07755584310626	4.87672734333149	1.4199617326131	1.96002029858802	1.17916306627207
ENSG00000227502.1	rest	ENSG00000227502	41.3921430709966	5.68879002375855	2.317770976596	6.48137826397774	9.82335412597597	2.10491413151216	2.25488227453244	8.09876005915044	8.02053575732481	1.34525732737779	3.12958820091587	4.8600754784877	1.39951265087965	1.98425986684248	1.16501519934582
ENSG00000227627.1	rest	ENSG00000227627	41.1499630987684	5.54373062533054	2.35583299045726	6.44575382802364	9.82939761016701	2.0751219753047	2.27044266662416	8.09918229417463	8.00047109703266	1.34911657176058	3.13150306888535	4.86115936268518	1.39483222935474	1.98061221920779	1.1759849312869
ENSG00000227674.1	rest	ENSG00000227674	40.9083776116541	5.84985849563813	2.76573023401064	6.78541440984694	9.92079907437016	2.10001671486866	2.25989790376379	8.18210937568286	8.02912538372223	1.29491256971226	3.18337688838008	4.85902384759899	1.39054726194375	1.9759754307415	1.16643830956179
ENSG00000227681.1	rest	ENSG00000227681	41.4090491484884	5.68330234949044	2.28234379852137	6.41056911546015	9.81700671750114	2.11058528017943	2.29351669322672	8.08748930698628	8.02263669318014	1.35087933093749	3.12575455198723	4.86136305231161	1.40069099122263	1.98638371083586	1.16471113704994
ENSG00000227932.1	rest	ENSG00000227932	41.4188172570673	5.66873766280051	2.31196761590541	6.37947004832598	9.81886387862047	2.10951874463303	2.28902126930975	8.0886220074227	8.02363883160823	1.35063206166342	3.12361206561271	4.86141510938778	1.39907920130279	1.98658401622206	1.16484276193347
ENSG00000228223.1	rest	ENSG00000228223	41.3376250697389	5.63119401978402	2.33274446647623	6.35977640671635	9.82362074540461	2.11209099268962	2.29485994244211	8.08717440331457	8.01684690790695	1.349202922634	3.13202517937641	4.8612905381359	1.40131623739058	1.9856108358419	1.16359951116351
ENSG00000228327.2	rest	ENSG00000228327	41.048507228324	5.44077656349423	2.3444365259787	6.38074731755551	9.79327385974542	2.08018555754468	2.30094226502897	8.10260398867326	8.00614706550351	1.34291745136133	3.12412571214074	4.85934463719143	1.39514881293999	1.98317318546104	1.16381967046266
ENSG00000228474.1	rest	ENSG00000228474	39.0288892725022	5.89687484828885	2.44766819151	6.6281133037051	9.00703458265001	2.50279444846014	2.05304110775159	7.90324748098726	8.06997016107771	1.37322694569316	2.9256162727182	5.01764537177148	1.57460020789865	1.87146432056112	1.14220144446697
ENSG00000228576.1	rest	ENSG00000228576	40.8291546420394	5.85441358641828	2.15449877869366	6.44641564702755	9.89690860154331	2.13522689663914	2.31017106731136	8.10343893558111	8.02816829239703	1.36633562216937	3.13927216814239	4.87002760457394	1.41274825916172	1.98017340895298	1.15271835464579
ENSG00000228682.2	rest	ENSG00000228682	41.3092405868129	5.63965307429854	2.88936188150699	7.01264659968441	9.81572110385698	2.10488704703403	2.30649223017431	8.1763682492272	8.02265851552683	1.26570014757588	3.20454721342941	4.8728631086943	1.40124007121416	1.97385322269311	1.16723495331057
ENSG00000228709.1	rest	ENSG00000228709	41.0719682112269	5.14702399016878	2.12465260713066	6.4859738039185	9.85786251186177	2.15615462492835	2.29682990819632	8.08771245375236	7.98277995951462	1.37702496896753	3.0900145954244	4.8554883973109	1.39087099517676	1.98408517509909	1.16358003758294
ENSG00000228989.1	rest	ENSG00000228989	40.2717744767759	5.85655284769737	2.25400101570034	6.51201054285689	9.82856647555877	1.8971515280964	2.00416206518263	8.09472488488299	8.03427384176992	1.36428780657266	3.1167307284323	4.81776615125783	1.42643411389981	2.03663445298348	1.15903566997093
ENSG00000229124.1	rest	ENSG00000229124	41.4181841150835	5.66842149976174	2.28904893443363	6.42033526681645	9.8161946375387	2.10795613373528	2.28806632810143	8.08771810537237	8.02209666107086	1.3502772652037	3.12562574100003	4.86133711575016	1.39981178472502	1.98582061516651	1.16481459502265
ENSG00000229152.1	rest	ENSG00000229152	41.409053510431	5.67727872228793	2.28037287889507	6.42328226761527	9.8130678253959	2.11087997943274	2.29303589507156	8.08382448907228	8.0194579923624	1.35282313303612	3.12736954084394	4.85945122523629	1.39785932598989	1.98648380747922	1.16536276573396
ENSG00000229205.1	rest	ENSG00000229205	41.3851773457835	5.64844986506102	2.42339641192045	6.2510247468632	9.83604277822194	2.10985899453752	2.30107969535631	8.09061619235103	8.02735366374084	1.34875300676627	3.12291287445977	4.86152262028464	1.39784763720079	1.98699589055166	1.16431415700415
ENSG00000229308.1	rest	ENSG00000229308	41.3043753055804	5.69745109773963	2.28395561884998	6.3598700082934	9.15655965503381	2.38604320474604	2.24062004855466	8.33942183116104	8.10194475868845	1.23501395417617	2.94652052685241	4.84670837302432	1.38398869667822	1.98020733431401	1.16362066516296
ENSG00000229656.2	rest	ENSG00000229656	41.4218941830087	5.68184931889284	2.26583635585219	6.43106358905247	9.81236734097849	2.10923158760801	2.28663327907637	8.0612610577377	8.00313077571719	1.32089844971327	3.11905113790883	4.85759780816112	1.39705161582027	1.98327931541117	1.16367692300076
ENSG00000229807.3	true	ENSG00000229807	41.1055008019229	5.54598699808465	3.68812762901262	7.15955492188907	9.79937894375054	2.12973075262704	2.34969878284504	7.9143223929171	7.99718069341971	1.54107798177863	2.85885344711372	4.85181219693892	1.33994969884978	1.99737519734655	1.16760672745363
ENSG00000229874.1	rest	ENSG00000229874	39.8077476654967	6.15457203788523	2.15197387203271	6.46183561995163	9.4812106254741	2.29710989108439	2.3648629374435	8.06251144667916	8.03952460252664	1.40122004344811	3.00941232529005	4.83506377299594	1.47057352628408	1.96931073703418	1.14706481997028
ENSG00000229953.1	rest	ENSG00000229953	40.4815649250297	6.16283913730189	2.18974119813869	6.40102944837691	10.0006286257607	2.09737064189568	2.31213702804724	8.11521010359769	8.02282786903327	1.35817136789397	3.11598120547591	4.85346101298448	1.37349124503689	1.98737352495035	1.18386657382826
ENSG00000230074.1	rest	ENSG00000230074	41.324859224566	5.60108101047641	2.37874831832392	6.32734853056543	9.80284891956235	2.08951229576091	2.2823452567244	8.03228513486621	7.99453353135112	1.37330171611718	3.14759937714547	4.86011821353991	1.39654343408681	1.9776363190468	1.16717991819084
ENSG00000230257.1	rest	ENSG00000230257	41.3908211418012	5.65132508179683	2.40155988123777	6.27551770396953	9.82061642255701	2.11484415040018	2.29869966239434	8.09417394600472	8.02786416733485	1.3474054246302	3.11980579230446	4.86137607288863	1.39758728475871	1.98682242019251	1.16463917327534
ENSG00000230724.3	rest	ENSG00000230724	41.2379794211049	5.57412947394379	2.33150217281373	6.38581867122168	9.82127445060766	2.09608246659616	2.28737440806542	8.09688012736767	8.01942269132729	1.34893118410316	3.122950994015	4.86735518823737	1.39457996746431	1.98360113516471	1.16053880801229
ENSG00000230910.1	rest	ENSG00000230910	41.4275528522811	5.6728705127707	2.27051289613204	6.4286636602668	9.8152838168594	2.10896904370947	2.28591740383567	8.082567535819	8.02027882306787	1.35735359580186	3.11872332926881	4.86089861041084	1.3986436745684	1.98628456279695	1.16514557676683
ENSG00000230937.3	rest	ENSG00000230937	41.0851216460165	5.03002014839732	2.15261891737744	6.53128144424478	9.79238512483664	2.06602030734428	2.24047210326126	7.72068703397675	8.60334876936	1.17347698850366	3.13187382527768	4.78276964610218	1.39096952905133	1.9655811015293	1.17329847948234
ENSG00000230952.1	rest	ENSG00000230952	40.3494179846133	6.25263148878686	2.10039262645313	6.44510325469883	10.0650947473019	2.0881754847301	2.10155099665038	8.15924581036486	8.03020987728326	1.38135081689417	3.11693615449142	4.82886909191219	1.37532508306174	1.98169055613811	1.16491073507685
ENSG00000231106.1	rest	ENSG00000231106	41.4295972945683	5.67591088082242	2.26658890740003	6.43107442143683	9.81541880206414	2.10839572754397	2.28550140026341	8.08684777363072	8.02185845988856	1.35160327368544	3.12534183204018	4.86229612831757	1.39939719072848	1.98683627648488	1.16429864762611
ENSG00000231216.1	rest	ENSG00000231216	41.3906131236037	5.64557272829258	2.42926436603176	6.26182275491378	9.84302911450283	2.10618439395296	2.29976077093098	8.08741224048933	8.02578651490964	1.35046106073311	3.12454327873314	4.86171497060018	1.39792651456554	1.98681362334546	1.16439097113298
ENSG00000231698.1	rest	ENSG00000231698	40.9544019658628	4.68251534152026	2.02774178618078	6.51776658528437	9.89078774613906	2.17810268166227	2.30979909600993	8.13008751276192	7.97774955818921	1.35438275953259	3.13815952709139	4.86246824952485	1.39878688333931	1.98432876251087	1.16137595651389
ENSG00000231789.1	rest	ENSG00000231789	41.2634126005889	5.54090441895665	2.25645303614793	6.42209610467879	9.83194451495393	2.12159886632561	2.30935523616975	8.06624836836479	7.99946212128209	1.36296051794156	3.12324515760828	4.86291687007474	1.39393350513946	1.98504577035021	1.16913158391313
ENSG00000232093.1	rest	ENSG00000232093	41.2073280637297	5.75945722277639	2.25811796251697	6.40975529588905	9.81287133492835	2.06693963672957	2.27583003890403	8.09546991803694	8.0271461494068	1.34300751932147	3.1169975258561	4.85226123076286	1.39230951255985	1.97826412751979	1.1637154304832
ENSG00000232151.3	rest	ENSG00000232151	41.3452089761363	5.63553911259756	2.32044162700218	6.455152529743	9.77635476793697	2.13257514772406	2.29146599260941	8.07711008255693	8.00985506203716	1.35995775679365	3.15966186932843	4.84815396353368	1.38888124895097	1.98549594260123	1.16689732286967
ENSG00000232271.1	rest	ENSG00000232271	41.3798038887774	5.65885915593702	2.55340315557905	6.69798714668667	9.81453181165849	2.10654683924136	2.29398711862205	8.12782621141042	8.02219969051034	1.31212869630868	3.16150832461492	4.86673675713599	1.40051953075219	1.98064447255148	1.16604533121951
ENSG00000232274.1	rest	ENSG00000232274	41.3599228311546	5.71004866952084	2.27180157397748	6.42837889013687	9.82156132199976	2.10896225228573	2.29495973564638	8.0522768928169	7.99600525111093	1.34968607605521	3.09558295976095	4.85407447372411	1.39284772515234	1.98609608207713	1.16591193294515
ENSG00000232301.1	rest	ENSG00000232301	41.35701106303	5.52334753660036	2.2297099238025	6.44467681392775	9.82698458208841	2.11906566246518	2.28900583860499	8.09365234150181	8.01507453284021	1.35203105820964	3.12720376709754	4.86161969856453	1.3995483612391	1.98614605203585	1.16448415750757
ENSG00000232324.1	rest	ENSG00000232324	41.2049201306017	5.79620867174533	2.23316270841292	6.43258471567601	9.85920260698708	2.10018531262062	2.23559594036774	8.05930304663675	7.977939605822	1.29657507952702	3.11135235248654	4.84457477994658	1.39467231327846	1.98913791856839	1.16668283426975
ENSG00000232388.1	rest	ENSG00000232388	39.2754082103056	6.3998531436343	2.1300651146238	6.49219949654095	9.54123190829919	2.20657383036271	2.17513424801428	7.83621395056821	7.98495010545282	1.14026418100135	2.99747717315386	4.93443920997828	1.39784883569692	2.0709324986429	1.20352888625519
ENSG00000232445.1	rest	ENSG00000232445	41.3397748364243	5.62169600989693	2.25111657682348	6.43015427197475	9.83230816850878	2.11221747558369	2.27949413590447	8.08449499619249	8.01900774126279	1.3456023782956	3.12514569202969	4.85785947634202	1.39846407638937	1.98741465337528	1.16531260780941
ENSG00000232527.3	rest	ENSG00000232527	41.2238620974157	5.76494110373427	2.26602054771132	6.43159266511458	9.76311781985881	2.10137863290262	2.28573994465673	8.03521573835062	8.03405958166519	1.36835694902388	3.12626281774436	4.919441268945	1.38734736797294	1.96963654714071	1.16209535933471
ENSG00000232533.1	rest	ENSG00000232533	41.1946308875434	5.64516011172307	2.30702847813779	6.4443369144869	9.7231963152051	2.14353935230947	2.23955927532557	7.92518252285324	7.95090904074116	1.50759481947654	2.98653383549739	4.85325073497987	1.38083018063422	1.97092148140733	1.15405456891258
ENSG00000232755.1	rest	ENSG00000232755	41.3283487523991	5.69110065944146	2.27377991525554	6.42974780510408	9.82510344035837	2.10379624725316	2.27086480790368	8.09139635804816	8.02579565042869	1.35050283913732	3.12257839477848	4.85604097060962	1.40050372822616	1.99632073109666	1.16772564161534
ENSG00000232774.2	rest	ENSG00000232774	41.4000270785365	5.69190981538231	2.26419018931223	6.43214319150348	9.81374445866129	2.10995433889566	2.27820232519255	8.07871406263108	8.02042834082153	1.35338578671157	3.12896234662187	4.91378267745489	1.39675373272659	1.97810526722949	1.22461603552714
ENSG00000233016.1	rest	ENSG00000233016	41.1017170413321	5.67716617455506	2.32288066273638	6.41419581292892	9.82013847075342	2.09373271934093	2.20253872891365	8.09076334884596	7.99579713551151	1.33347124666563	3.12011947093924	4.85011305584402	1.4155252356504	1.97442457426748	1.15881436333931
ENSG00000233098.2	rest	ENSG00000233098	41.2189511952628	5.45138522534295	2.21455496011695	6.44452369757573	9.84885879506155	2.12554045598513	2.25758334210302	8.07994108949043	8.00113864109074	1.38853330594768	3.0880046563567	4.85488068804019	1.39201566844713	1.9834742118197	1.16478380709859
ENSG00000233137.1	rest	ENSG00000233137	41.2403427350234	5.59578059481227	2.31867096448856	6.44253038020394	9.80162694583585	2.1095628955579	2.27301722868282	8.06423229333623	7.99898119509111	1.34859110377346	3.11610404931654	4.86358125901637	1.39323503411007	1.99242455947264	1.15684469723278
ENSG00000233236.1	rest	ENSG00000233236	41.4197720540127	5.67558764855144	2.30267026119382	6.43822032417511	9.81569255705045	2.10922454684334	2.29054901434465	8.09107020179829	8.02278773364502	1.34774334765598	3.12780154990511	4.86198165442951	1.39944037347847	1.98616105424124	1.16510676786602
ENSG00000234147.1	rest	ENSG00000234147	41.1131735193243	5.83413662586963	2.27412097624004	6.43518023967347	9.88500302779207	2.10716889490262	2.27802633028741	8.1023367139849	8.02484006403242	1.36116379766213	3.1209230583713	4.85420220032561	1.39079762283374	1.98585923740009	1.16550128094483
ENSG00000234160.1	rest	ENSG00000234160	40.9337568565614	5.58388695802429	2.26578029535467	6.40777543329715	9.88118258612413	2.10850785385173	2.28296598690112	8.07727307424706	8.014153778031	1.33781279170009	3.14661507338408	4.86807128316166	1.3901048731951	1.96557162690711	1.17738835802542
ENSG00000234327.1	rest	ENSG00000234327	41.4145751592637	5.67047060212449	2.28245617978942	6.42671586825147	9.81613471498963	2.10945108107912	2.2906037952377	8.08775911766082	8.02137580120949	1.3503566045955	3.1257375896244	4.86162671613908	1.39908995276531	1.98656947418141	1.16472248749077
ENSG00000234431.2	rest	ENSG00000234431	41.3908951397637	5.66801270789485	2.3113835619583	6.43310687956073	9.75647129173809	2.13368406263799	2.28364094428422	8.10551995780476	8.0240102446944	1.33576696249178	3.11660224827649	4.86618783553017	1.39933538698169	1.9837819057638	1.16937997682738
ENSG00000234449.1	rest	ENSG00000234449	41.0468470395749	5.39368894146987	2.62115206002229	6.30254105770466	9.79493660076553	2.1077371156018	2.30199815459102	8.02653315819718	8.03895532289357	1.34807034526416	3.12092542884474	4.85812153362169	1.36968021519207	1.94696444492947	1.136309829584
ENSG00000234456.2	rest	ENSG00000234456	41.363267266723	5.69957549207644	2.26056447405194	6.4312932901391	9.79612691181409	2.12079523280886	2.2599598663573	8.07613257910371	8.02143639961578	1.36545818464821	3.12659300109472	4.85380956104822	1.39876105785911	1.99763998928412	1.16606734696532
ENSG00000234722.2	rest	ENSG00000234722	41.39086344329	5.64871756627904	2.41457665890637	6.26190299798118	9.83955567404029	2.10761190532838	2.30072793621246	8.08842001490908	8.02643698447931	1.34969043205489	3.1242907456949	4.86170960223749	1.39801836356009	1.98704555095724	1.16438535192293
ENSG00000234741.2	true	ENSG00000234741	39.5433330387738	5.13341609078623	2.66132421683742	6.2504181379252	10.0041667304869	2.00037401692648	1.92066651891889	8.0643344442029	7.9976503676473	1.2750221581539	3.15020757859225	4.84283100464493	1.38947598872335	1.99478651054762	1.18949813098767
ENSG00000234883.1	true	ENSG00000234883	41.3462460525684	5.647104675993	2.72544856298513	6.85656191536009	9.8028638202813	2.11048527410709	2.29781941444548	8.15200585875916	8.02153727309665	1.29020368146797	3.18779084027862	4.86835206287882	1.39841244907237	1.97757652221171	1.16620692750618
ENSG00000234978.1	rest	ENSG00000234978	41.354664252866	5.66089415501518	2.43288234687612	6.27078459999788	9.83444578357602	2.1004954680743	2.29653525364845	8.06674567824244	8.01704383552192	1.36443814981961	3.10930496769662	4.85620679329323	1.39400439101566	1.98625942327552	1.16532365559853
ENSG00000235106.1	rest	ENSG00000235106	41.3080861029052	5.62801499464047	2.25931503071871	6.43728890525973	9.76355007078572	2.06095696620459	2.27016921387187	8.03970348549541	8.01574001412497	1.37631063958026	3.12445427040608	4.88734520114935	1.39645753067464	1.98276328799772	1.15791871343531
ENSG00000235123.1	true	ENSG00000235123	41.3110911140254	5.6288488117188	2.25652620297229	6.40481505490618	9.36504897357237	1	2.36960863293075	8.11885488743699	7.98208995969617	1.38943575202009	3.13393197397545	4.83599127618559	1.40684317224854	1.98353555855683	1.1693807223957
ENSG00000235152.1	rest	ENSG00000235152	40.9953712510508	4.76817285397744	2.04863097492946	6.51060687183175	9.8842856287677	2.17208520211696	2.30768983209502	8.12641899925783	7.98155313705225	1.35410052896462	3.13708236898446	4.86238747609672	1.39886537257102	1.98450764005127	1.16169374042457
ENSG00000235162.2	rest	ENSG00000235162	41.3190834208742	5.61935908604538	2.38759420331827	6.55095978582325	9.71709020541563	2.13729897019811	2.25714128113483	8.00395429631681	8.00734782845495	1.35459797089031	3.2108679256589	4.8683043336209	1.50617307640387	2.01890899943653	1.15342319497168
ENSG00000235335.2	rest	ENSG00000235335	41.3699914878017	5.65035111593085	2.44010259043014	6.23032693440662	9.84298314160998	2.10893937350803	2.30197391098517	8.08977051649495	8.02757149986719	1.34947484610674	3.1237471316971	4.86441608950177	1.39700346725353	1.98660658123391	1.16792929158761
ENSG00000235385.1	rest	ENSG00000235385	41.4241299629174	5.67589159057437	2.28240474794877	6.4433869443021	9.80633546364564	2.11302673043463	2.28805319191838	8.05297439260471	8.01040768465525	1.39452421597119	3.07563142425036	4.85705241419271	1.39193077630893	1.98453051406265	1.16592789847411
ENSG00000235398.1	rest	ENSG00000235398	41.3139149106898	5.57419790685904	2.31187227026465	6.48642114180852	9.81408663760561	2.11621455352778	2.29679542213089	8.07685017828336	8.02154854098034	1.35407871858236	3.1545741504438	4.85949341504832	1.38838172970891	1.98902577400357	1.16188086124961
ENSG00000235576.1	rest	ENSG00000235576	41.4143739538612	5.67167237878357	2.35980742248605	6.51779960411521	9.81502542439688	2.10767658984062	2.28804154400036	8.10021913314413	8.02201883194719	1.33879172229693	3.13697516871272	4.86317476342182	1.39995799082909	1.98458644672281	1.16537647859853
ENSG00000236094.1	rest	ENSG00000236094	41.3811419849157	5.57458382953619	2.24271574905371	6.44078836814952	9.82230395187625	2.11562051882635	2.28723443124987	8.08993887232243	8.01709496302792	1.35241365105459	3.12711474761428	4.86630477898806	1.39775561034413	1.98831589521708	1.16023274760132
ENSG00000236455.1	rest	ENSG00000236455	41.194680883638	5.75529219140915	2.29564136375654	6.44899277899595	9.76664551755027	2.12773230840886	2.25655297805269	7.98471625637964	7.98539480317367	1.40495410194998	3.11287011354779	4.85969704661387	1.47484152992818	1.94343109868613	1.1609248474672
ENSG00000236537.1	rest	ENSG00000236537	40.973695416332	5.54644310136014	2.49243850039811	6.2955443991282	9.68870489279724	2.19632317836285	2.33336785636314	8.00067676356108	7.95046138338617	1.42657768573077	3.10961333800736	4.82979162443836	1.37935466683773	1.97320299288841	1.17733192384795
ENSG00000236609.2	rest	ENSG00000236609	41.2586635390636	5.60316235126487	2.24551400034534	6.45910931199585	9.79425671118264	2.13610073032692	2.30440457236321	7.99360349930679	7.97014372835976	1.44666602078559	3.06682058869063	4.83861105192966	1.37043291886533	1.98275090331424	1.17516167121328
ENSG00000236618.1	rest	ENSG00000236618	41.359997813717	5.65101522041046	2.28496687978654	6.43425928808952	9.81514678687928	2.11481929898367	2.29005183043096	8.08485926175106	8.01484138490673	1.35041859879126	3.12060665656011	4.85853624097522	1.39636289877215	1.98540332357137	1.16582085899575
ENSG00000236673.1	rest	ENSG00000236673	41.1005792500594	4.99106624726564	2.10147685756937	6.4910299221414	9.86766639951883	2.15651635594647	2.30250734941862	8.11676781617875	7.99144644136819	1.35353352112003	3.13418421648863	4.86221013044166	1.39902858827482	1.98499870884504	1.16258788023749
ENSG00000236810.1	rest	ENSG00000236810	41.3345901954799	5.68203317471018	2.28878697730492	6.41623312879832	9.82694779163847	2.10905680934044	2.28195081433792	8.09257255515741	8.02235629293596	1.35158809264239	3.12374971358246	4.85967467053783	1.39893421414216	1.98462332659998	1.16382832625275
ENSG00000236933.1	rest	ENSG00000236933	39.9547021231553	6.22138745162936	2.13340539901088	6.41834868432411	9.60567469535034	2.25430852924453	2.39201233102224	8.10792938669402	8.03688961062962	1.35048800826677	3.08134093680565	4.8426259651241	1.44100396038471	1.96526174472923	1.15366998416137
ENSG00000237125.3	true	ENSG00000237125	41.4222273771072	5.67562407805058	2.28345928934811	6.44191830902037	9.80177007131623	2.11535040579643	2.28919432543716	8.02948393701204	8.00218926552975	1.42401678080779	3.04532632627354	4.85445565930208	1.39015660247762	1.98335112328636	1.16597635326576
ENSG00000237181.1	rest	ENSG00000237181	41.4142343437566	5.67216205218841	2.33206535192832	6.4480096983221	9.81453392490633	2.10996715910242	2.29097897799836	8.09483385402035	8.02321130829676	1.34464808552763	3.12939978636831	4.86227209460849	1.39934052771963	1.98570069678056	1.16513328969866
ENSG00000237188.1	rest	ENSG00000237188	41.3783531013835	5.6595076852227	2.28538763677179	6.44632419026065	9.80680686489048	2.11485274647646	2.28970359827039	8.08245107167055	8.01615033782896	1.35987976410459	3.12647771082553	4.85718771402872	1.39743367781993	1.98501991384622	1.16543246628353
ENSG00000237298.1	rest	ENSG00000237298	40.0818433625123	4.75110608640275	3.18313299626143	6.39064531916868	9.45658700635749	2.24383215815571	2.64542870464476	7.98649766171777	7.90280701037501	1.51314905581944	2.93641264257	4.84244653940035	1.39315713711163	1.95697622821408	1.14819937004596
ENSG00000237311.1	rest	ENSG00000237311	41.4233037205038	5.67152099775665	2.2974992602799	6.39624074742354	9.82092950080485	2.10774988465859	2.28800927176676	8.08700414094962	8.02275366378946	1.35133865649895	3.12516235793472	4.86151823425835	1.3993771479395	1.98658685709721	1.1649136945643
ENSG00000237372.1	rest	ENSG00000237372	41.4003000455749	5.6472765068761	2.3704964562584	6.53498824248321	9.81675326052964	2.10921872532904	2.28911846209963	8.10355251783803	8.02099896481059	1.33661340037467	3.1393433130942	4.86349801625179	1.39998412406536	1.98420435597065	1.16534656293261
ENSG00000237429.1	rest	ENSG00000237429	41.4253814986451	5.67507982738727	2.27925004628613	6.43002891698207	9.81641945001526	2.10852903789937	2.28671953253392	8.08741471166081	8.02178365250088	1.35118675189147	3.12719850045152	4.861296278344	1.39964087661293	1.98633423295549	1.16505357736315
ENSG00000237643.1	rest	ENSG00000237643	41.3377266393967	5.65057350957215	2.48714758148049	6.17305838649578	9.83982682006159	2.11683952607268	2.33310918976848	8.09351240558478	8.03171515234322	1.34589498499881	3.12288778308583	4.86206072573492	1.39721884412743	1.98779800534878	1.16398061775142
ENSG00000238060.2	rest	ENSG00000238060	41.2698303149001	5.60908080072001	2.31470978632062	6.34362986827081	9.80933099032992	2.12791326338477	2.27507171627421	8.10073916976263	8.01890265312558	1.34288196890625	3.1155913335025	4.85653736040429	1.39763473136028	1.98835267968598	1.16386858119281
ENSG00000238178.1	rest	ENSG00000238178	41.4235878163491	5.67283952876377	2.28706525957547	6.41843793844392	9.81797119482777	2.10846516022795	2.28771681303342	8.0857870078943	8.02164109850301	1.3533334434136	3.1229466027634	4.86133482481313	1.39905052383836	1.9863736649018	1.16505311726129
ENSG00000238227.1	rest	ENSG00000238227	40.8367628012787	5.72171835265394	2.21420559756469	6.45284264994603	9.75874458203612	2.00805362399493	2.30331583538567	8.07793333913103	8.03390776988307	1.34399962696468	3.12861463443477	4.88977233365862	1.39648861413136	1.99653611615465	1.18094940407938
ENSG00000239368.1	rest	ENSG00000239368	41.0306863441949	5.35857814527861	2.32547689553182	6.32057036723388	9.80751626730322	2.04420304181263	2.2773086346096	8.09544410298549	8.02538505572629	1.33542496735863	3.12146175122154	4.84847296801579	1.40498650950358	1.99256746145839	1.16637026034028
ENSG00000239906.1	rest	ENSG00000239906	40.7655702327476	4.89998691578729	2.56068961579893	6.18894986391713	9.65321693643686	1.87456215996607	2.42717411761986	8.12713448104727	8.04290998198693	1.32056636609111	3.10201417098846	4.88278624642022	1.37206872228801	2.00232931216454	1.12799529575931
ENSG00000241860.1	rest	ENSG00000241860	41.1175628905202	5.33963557939445	2.36304612176329	6.32343800361232	9.8181606064378	2.09874188181857	2.30130301046088	8.10134833692013	8.01431462051192	1.35122667252582	3.11732654019011	4.86171473457849	1.39357419480573	1.98095817863896	1.16284008254215
ENSG00000244342.1	rest	ENSG00000244342	41.3836237774568	5.57909752107942	2.24358502557281	6.44026682882389	9.82271927947971	2.11516372556344	2.28765017037578	8.09114336505801	8.01749861594369	1.35200921516523	3.12631290450642	4.861552057632	1.3995663266533	1.98625108171358	1.16469595491747
ENSG00000244879.1	rest	ENSG00000244879	41.2101206197444	5.6068731955998	2.30532832295082	6.40266228578917	9.8299296869473	2.09750007972524	2.28831212863856	8.08309792797618	8.00658001411902	1.34029541805808	3.12002405558301	4.85252977721825	1.39773942999479	1.99424400747734	1.16899778061141
ENSG00000245532.2	true	ENSG00000245532	38.2642171018926	6.45902616758413	3.07557329266831	6.01694561221087	5.08621497235402	3.89501609984246	1.67464638021567	8.24138894596342	7.98059915895741	1.92090516861882	1	4.66126950503177	1.58103080137535	1.82719481359844	1
ENSG00000245694.2	true	ENSG00000245694	41.4279127297248	5.67732460636693	2.27134664363797	6.42785041629842	9.81568593705825	2.10805134164997	2.28467701854056	8.08594715490483	8.02133339466199	1.35128862690311	3.12474221493936	4.86170563212575	1.40072292569539	1.98598363768106	1.16510985131504
ENSG00000245773.2	rest	ENSG00000245773	41.199644060017	5.56344360610791	2.32163236502413	6.39785355169693	9.8378178912805	2.09562603524429	2.29020864128395	8.09895086316597	8.015941403113	1.34425929714361	3.12598741128748	4.85504804610995	1.39628239200686	1.98998291507474	1.16642489259426
ENSG00000245867.1	rest	ENSG00000245867	41.3976049053883	5.65618289202256	2.32749824701523	6.3862316881612	9.82014588083662	2.10989119719448	2.29513547240454	8.08682581254935	8.02044658159564	1.34974837713599	3.12597545982472	4.86055425281593	1.39902406827924	1.98616326780131	1.1648360301402
ENSG00000245910.2	true	ENSG00000245910	41.0634677673121	5.63109351097757	2.324490822451	6.40388938500674	9.86250979644322	2.08816967536832	2.22633122117719	8.09848166109093	8.01115597591381	1.343311319681	3.13060032927521	4.85017613444007	1.39623496124577	1.99088053882244	1.16863556622697
ENSG00000245923.1	rest	ENSG00000245923	41.013573485689	5.55346753125166	2.26364138110469	6.45478982153183	9.7754177077261	2.04209146256582	2.28378309236119	8.09460957164027	8.005259249484	1.34605259799101	3.11430938441733	4.86368581035419	1.39720186666454	1.97355905748958	1.16089049442674
ENSG00000246181.1	rest	ENSG00000246181	41.2581706582572	5.31791523956992	2.18323942357361	6.4650618935953	9.84238266096285	2.13354055548459	2.29417461248358	8.10241819623117	8.00580148474045	1.35284289806127	3.12953351848218	4.86205338588574	1.39925302827003	1.98558973275024	1.16401475557753
ENSG00000246273.2	rest	ENSG00000246273	41.3405533945581	5.71118720363732	2.25851381251317	6.429506385658	9.80868131181225	2.11129538191017	2.30556798633635	8.0613322687046	8.0092994049042	1.36485588265925	3.16169188152949	4.87567960478733	1.39677847210626	1.98666487463574	1.17314842076325
ENSG00000246328.1	rest	ENSG00000246328	41.082452629143	5.82129150875374	2.28933658867569	6.34353366035357	9.68878867274823	2.19177214429648	2.29218243732636	8.17798038879707	8.05256691284356	1.32054990793704	3.07353153965663	4.85162276133736	1.38697043029291	1.98575640814162	1.16480394653249
ENSG00000246493.1	rest	ENSG00000246493	40.0159600336941	5.45788873941368	3.2231943690104	6.47725458355423	9.92422006670561	2.15073829508409	2.32229242397773	8.08023607348689	8.02614147525504	1.29979311141306	3.2360745425593	4.83360110500874	1.45570632101852	1.99016597121512	1.15832118598028
ENSG00000246634.1	rest	ENSG00000246634	41.1523535060749	5.59826954355976	2.31700110261191	6.43811877980994	9.68332120775281	2.15938922525094	2.25075240969376	8.05594296264176	8.00168472697102	1.38163054251129	3.11375745234015	4.85441243360201	1.38423307823258	1.98334018853686	1.16741538434039
ENSG00000246979.1	rest	ENSG00000246979	41.3973323099889	5.68946833903454	2.2711939090823	6.4248188485266	9.74237453832036	2.14341320324988	2.26227278903186	8.00144552144178	7.97619655726931	1.4331816499628	3.29767287074442	4.80936275877452	1.33376292797209	1.99453912503196	1.17121912408218
ENSG00000247006.1	rest	ENSG00000247006	41.3968953840905	5.68536604094652	2.26285054390818	6.43158818105161	9.79512399572148	2.04738146673871	2.28995741485749	8.09067543161651	8.02004905503373	1.35393348495771	3.12566610809251	4.859510129077	1.39941864966007	1.98630877189674	1.16531864712357
ENSG00000247092.1	rest	ENSG00000247092	40.7271847105421	5.69314737772801	2.92681056771971	6.93193159843931	9.87728751811009	2.03887842670145	2.23123047354473	8.19064984455086	8.01655099596164	1.26359827278548	3.21010633985824	4.85265422881278	1.39085107466113	1.99014938562814	1.16748664082434
ENSG00000247240.2	rest	ENSG00000247240	41.0719019977439	5.56113431649775	2.31948077305206	6.46732697004882	9.84342364357692	2.09905263995907	2.27645376030138	8.09862667734294	8.01885935088104	1.34468128934854	3.12467940332727	4.86717288170196	1.39877450259157	1.98282383742954	1.16794821159
ENSG00000247271.2	rest	ENSG00000247271	41.374852927505	5.67120271896061	2.28932113420016	6.43918839842463	9.79380403528879	2.11275102671508	2.28102987255119	8.06699025876738	8.01710574808024	1.34552922989518	3.11233973937151	4.85737653732968	1.39440923284844	1.9827909635321	1.16642650785855
ENSG00000247516.2	rest	ENSG00000247516	41.3398139909838	5.68262282578662	2.27606628590001	6.40572507011979	9.82413669719811	2.10974416267626	2.28821707259464	8.08155029989349	8.01946878752231	1.35816474101688	3.12626461370115	4.85960149290318	1.39840653689752	1.98374001162585	1.16678599482452
ENSG00000247556.1	true	ENSG00000247556	40.8208560661685	5.10351539425608	2.39823026628436	6.41075932424547	9.83945502624353	2.1650291923172	2.29978823945478	8.0763956805882	8.01872767748278	1.32139848132953	3.13390084019447	4.86520001878342	1.40692900275872	2.02656512590956	1.19306579732369
ENSG00000247844.1	true	ENSG00000247844	33.1692563646067	10.0753421695555	1	6.562116321131	11.6957005251265	1.98837912842071	1.2274454817063	8.60259960378357	8.09435065878257	1.55191119426533	3.08833574524041	4.62946840098282	1.20878561050561	1.9607841548051	1.16693615228673
ENSG00000247909.1	rest	ENSG00000247909	41.3204630279983	5.62239090296882	2.25285638897796	6.45227280077381	9.81076868803409	2.11695644681946	2.28521549483071	8.08228799643895	8.01613806883307	1.34843472741221	3.12889148337301	4.85814876873762	1.39866422905258	1.98906862034781	1.16644177029346
ENSG00000248103.1	rest	ENSG00000248103	41.2940536925169	5.48731894013891	2.29942003525201	6.39625507755908	9.8190026329718	2.12829506629348	2.29294530460904	8.0304957142544	7.99206824698411	1.43898364810852	3.0273461412462	4.85190155547582	1.3841173190191	1.9825872240698	1.16590157423848
ENSG00000248119.2	rest	ENSG00000248119	41.1045903087868	5.84896908232317	2.21830075298522	6.43443565879758	9.89249494769954	2.09840366046311	2.20069079317227	8.11151298762035	8.02313514316978	1.36185168881148	3.12058233753418	4.85011809263794	1.39273022368811	1.98396452549759	1.16475987674121
ENSG00000248253.2	rest	ENSG00000248253	41.3753571586593	5.66580874936906	2.52248507800486	6.67062495664207	9.81669021909697	2.10644778283775	2.29084499237403	8.12314644038257	8.02378571464658	1.31599680040367	3.15774920850043	4.86643704976295	1.39970340153078	1.98031556080843	1.16511990092514
ENSG00000248255.1	rest	ENSG00000248255	40.9896727410227	4.75661318695276	2.0456277374835	6.51143884337371	9.88520437160441	2.17288847787871	2.30778775505361	8.12684326689538	7.98094294346041	1.35405637851389	3.13717612603537	4.86236692663393	1.39885051003189	1.98447985030085	1.16164991875607
ENSG00000248272.1	rest	ENSG00000248272	41.3324207451703	5.61766410466883	2.28960195613677	6.44308544446967	9.77797781758036	2.13019118070935	2.28442800970388	8.05107803045151	7.99378402480131	1.36433991383817	3.14486057201685	4.85122249965484	1.42384965997642	1.97577507335705	1.15947293707569
ENSG00000248329.1	rest	ENSG00000248329	41.3135131641407	5.4332981050518	2.21070997154155	6.45489900828573	9.83379801832453	2.12536113022922	2.29130797304079	8.0979161296148	8.01108721650109	1.35192589385708	3.12870290938507	4.86175803324628	1.39947447447028	1.98589908596109	1.16416086021672
ENSG00000248596.1	rest	ENSG00000248596	41.4177495569374	5.674364469954	2.28331334515331	6.41105834455136	9.81934813065417	2.10610622371007	2.28497710448563	8.08732149199086	8.022023284787	1.35203099837884	3.12485769848036	4.86139187912737	1.39914850952375	1.98658076335013	1.16470944735827
ENSG00000248810.1	rest	ENSG00000248810	41.3845220470938	5.62853607874763	2.3984647043525	6.27666944188126	9.83633196668678	2.11019046008454	2.29816852310445	8.0873942978559	8.02370214711254	1.34985414057964	3.12525794376402	4.86243600126331	1.40178899911428	1.98631241177217	1.16297470790706
ENSG00000248890.1	rest	ENSG00000248890	41.4077405343317	5.67447017497054	2.2711767422608	6.42391498445678	9.71529758494859	2.1509117151064	2.27783470006782	8.12267622325801	8.03288496770364	1.33411369319052	3.10151561212995	4.8603718567874	1.39568819716062	1.9857972833641	1.16335029340532
ENSG00000249069.2	rest	ENSG00000249069	41.4163964900768	5.66997664125095	2.3344419357309	6.44127787706417	9.81982327298957	2.10756244003627	2.28922207818169	8.09158359988147	8.02461028775178	1.34481268963301	3.13053309292665	4.86218619314051	1.39912823835822	1.98426119320215	1.16477562187858
ENSG00000249152.1	rest	ENSG00000249152	41.1567917660426	5.10519794145246	2.12927026952493	6.48102468271899	9.85871417970972	2.14842503502542	2.29934641811248	8.11177171442866	7.99651265672445	1.35320056975053	3.1326521153325	4.86204168673601	1.39916967488839	1.98524230586202	1.16293843531145
ENSG00000249430.1	rest	ENSG00000249430	41.1161149530718	5.02388919141196	2.11052965541033	6.48872317059679	9.86233988658382	2.15239132609482	2.30203213205217	8.10934239232356	7.98995276881293	1.35615682056521	3.12968291756998	4.86166275055988	1.40076049511599	1.98418744061211	1.1620774109248
ENSG00000249532.1	rest	ENSG00000249532	41.2134779957874	5.2250733783048	2.1580126303762	6.4704974770054	9.84973953422917	2.14008273426606	2.29699295889709	8.10656206566074	8.00185753091065	1.35285082439486	3.13114002637438	4.86194007201894	1.39925558394691	1.98552380681594	1.16338566870851
ENSG00000249572.1	rest	ENSG00000249572	40.7680083880864	5.74355151163061	2.20759469702428	6.49301937879117	9.84943388293487	2.0755237968587	2.36687565184942	8.10273397977208	8.0227602328919	1.35490849417711	3.13362322280459	4.87623597032612	1.38326407019556	1.97537014819887	1.18276311458141
ENSG00000249705.2	rest	ENSG00000249705	41.2160617345296	5.62039736512273	2.36478779215355	6.47721777276294	9.75095395895728	2.08034443533453	2.34870597801148	8.05064556739695	7.99216275078503	1.31673823530922	3.1351028806394	4.88780679622717	1.40514453025253	1.98901182842466	1.16784495885959
ENSG00000249788.1	rest	ENSG00000249788	41.3712033827209	5.63292563929064	2.47486245585182	6.20898583943728	9.84888916033721	2.10763031924011	2.30501100512984	8.09047448148244	8.02773126814416	1.34806026932432	3.12513400481162	4.86184864969436	1.39771947178738	1.98694236661058	1.16408420950457
ENSG00000249790.2	rest	ENSG00000249790	40.4266339539811	3.63932263094315	1.77300242238961	6.6088114827622	9.96358816673949	2.25489777598886	2.33184432085912	8.17616082317061	7.93836971477196	1.35424319396854	3.14868417075301	4.86466004355947	1.39540244867237	1.97746275449345	1.15711875762165
ENSG00000249859.2	true	ENSG00000249859	41.039143551354	5.5057373454304	2.33534846291902	6.42967073913805	9.62797542680924	1.90662406055671	2.25881667594703	8.10023812274486	7.98733806328907	1.32662898835968	3.11010678641964	4.84247925983307	1.40461652040074	1.98746399146146	1.16878138988235
ENSG00000250155.1	rest	ENSG00000250155	41.4146630637177	5.67228299751453	2.34814994381753	6.50731384177043	9.81550650911194	2.10764257242285	2.28608196846471	8.0988211683308	8.02191969672936	1.34045177272275	3.13545789517292	4.86306107727855	1.39990441213253	1.98472704421731	1.16555178044549
ENSG00000250271.1	rest	ENSG00000250271	41.4278931512135	5.6787905434773	2.26694738880119	6.43034411184074	9.80989520619147	2.10964080277536	2.28277912161838	8.06151142677042	7.9931430160782	1.31491938593455	3.11719227061242	4.85610208906831	1.39978979445657	1.98614350792064	1.1652584945166
ENSG00000250337.1	rest	ENSG00000250337	40.9571984020698	5.68705834633912	2.21243056064459	6.47629832611591	9.9041005662215	2.12061073704683	2.28518843113378	8.07677010218953	7.97369259515269	1.30263926522282	3.12282246512178	4.84497528018606	1.38981912080594	1.98523031733191	1.16540307062533
ENSG00000250666.1	rest	ENSG00000250666	41.4272778186652	5.67478602400825	2.28161267811444	6.41436640469781	9.81799536921639	2.10799290441518	2.28654731721095	8.08698045415902	8.02232821794392	1.35147345110977	3.12517716225474	4.86149005087304	1.39953823007602	1.98653149374041	1.16498696192201
ENSG00000250689.1	rest	ENSG00000250689	41.3115099552082	5.51981392695885	2.47426398311941	6.20200087879854	9.85906775751119	2.11595643957114	2.3122593612342	8.09646744072243	8.02370028927855	1.34700527639409	3.12714388398359	4.86243220337204	1.39755978032248	1.98664722124781	1.16382700037879
ENSG00000250742.1	rest	ENSG00000250742	41.4179433364006	5.67571253342874	2.28070962010169	6.44379495120814	9.79854927273508	2.11031787914881	2.28059365899695	8.01791413572462	8.03990401706083	1.38673386265451	3.0784503752945	4.89006092100129	1.39683451737739	2.01125777060762	1.17002528714883
ENSG00000250763.1	rest	ENSG00000250763	40.5586310814275	5.57031197664373	2.40266900851243	6.50325486576206	9.78924769431956	2.13093983686794	2.25140749523721	8.03981777861732	8.00870867500042	1.43045900668449	3.01540073106877	4.8267577593041	1.44075654567205	2.02768918656889	1.17568921082787
ENSG00000250961.1	rest	ENSG00000250961	40.5915221091274	6.1427448918176	2.14230160276203	6.49187378875032	9.81896135389537	2.23704805875212	3.15308171818547	8.01433067332114	8.02523415817886	1.28998549698173	3.16435587104782	4.87669050922026	1.38961527758926	2.01080795168163	1.16936229266639
ENSG00000251002.2	rest	ENSG00000251002	41.4183369957379	5.67311239165635	2.33720370064189	6.49593900372233	9.81505781289114	2.10785364531973	2.28738380926671	8.09641530133167	8.02175177646205	1.34232504111497	3.13344801337844	4.86270186785802	1.39979450568539	1.98503662098726	1.1653342122813
ENSG00000251129.1	rest	ENSG00000251129	41.3203740850898	5.59167544609039	2.62385182018332	6.02640284913899	9.86139155609964	2.07883293000985	2.31946161802001	8.04242673818475	7.97556974226879	1.27733281822426	3.11164224434531	4.85122306942599	1.39458549168626	1.98743304933349	1.16424256303575
ENSG00000251138.1	rest	ENSG00000251138	41.3971746275273	5.65311013110157	2.3862605078242	6.29680633403732	9.83593446122532	2.10742151324509	2.29776108187002	8.08653621261837	8.02381619422687	1.34836762131682	3.12492710222862	4.86132759929139	1.39821304375048	1.98692190451734	1.16456607598546
ENSG00000251150.1	rest	ENSG00000251150	41.3691584666452	5.63130046637606	2.48328977307386	6.20089780764396	9.85031151769761	2.10750533128294	2.30573948794889	8.09058827619408	8.02793732442521	1.34789465596924	3.1252213716708	4.86187596806791	1.3976439455019	1.98695417052694	1.16405130512308
ENSG00000251273.1	rest	ENSG00000251273	41.1659680553596	5.77767532039734	2.2426195923693	6.42971258847391	9.81436609425755	2.12570544325374	2.27801740064196	8.06046674390973	8.0094148593875	1.3796984341607	3.12556102625103	4.8630890300897	1.38861903021725	1.98181901610839	1.16592968303049
ENSG00000251381.2	rest	ENSG00000251381	41.2031814033667	5.76154127496283	2.3369141231461	6.32329949812071	9.87619829299482	2.10335974627624	2.2667837335368	8.08161751624462	8.05552516775656	1.34620202585233	3.12428183267191	4.85466241884169	1.38829071397495	1.9650567807724	1.16013963525874
ENSG00000251434.1	rest	ENSG00000251434	41.4292210830545	5.67662172959454	2.27317443962822	6.42478017390477	9.81527403723153	2.10858092872446	2.2856692674299	8.08744023127215	8.02222181391334	1.35130012105942	3.12494608671497	4.86145784964471	1.39960386388317	1.98648170964991	1.16502707046285
ENSG00000251531.1	rest	ENSG00000251531	41.3915443777555	5.65090943487265	2.4052286200765	6.27264606979618	9.83337629151125	2.1092981976966	2.29933687033425	8.08299707191057	8.02956781220069	1.34507620431478	3.1238591908917	4.85937416566354	1.3994499591119	1.9931986604869	1.16617488923612
ENSG00000251562.3	true	ENSG00000251562	27.2398870408421	5.84136463052718	11.0284700702818	1	1	4.5596471234231	1	1.14784372751777	4.28043460553668	5.43469713586353	4.92984284419787	2.21650321596862	3.30725058029151	1.57038578001307	1.03010279072968
ENSG00000251565.1	rest	ENSG00000251565	41.4183715910215	5.67231800394144	2.30127845666058	6.39264225018476	9.81739281901422	2.10894041802569	2.28771570760871	8.06610817331433	7.99875893057698	1.31954778534617	3.11908186249349	4.85695240215523	1.39857052390567	1.98654657764354	1.16525408576777
ENSG00000253196.1	rest	ENSG00000253196	41.2936047346687	5.74884677369578	2.2473360985127	6.43217095612504	9.84566025033002	2.09394070288353	2.23044507882264	8.09923868605452	8.02128999814163	1.35713736990265	3.12172131929158	4.85548410662845	1.3970663027853	1.9846712537933	1.16479726201171
ENSG00000253352.2	true	ENSG00000253352	40.47320430166	4.90728121571134	2.23313384002167	6.44899789870065	9.62798848165257	2.0066496099388	2.31711752032645	8.1013506944724	8.02760118280938	1.35765648599431	3.10589402892687	4.88312407286504	1.3829895499618	2.00015173218697	1.19828309360773
ENSG00000253394.1	rest	ENSG00000253394	41.3950257290923	5.64984565647422	2.40567652749038	6.27284690477904	9.83942818394405	2.10686113007023	2.29882636218613	8.08775642248601	8.0258983688781	1.35009207340778	3.12472378985703	4.86170806262742	1.39820839841585	1.98698211630855	1.16442140653123
ENSG00000253522.1	rest	ENSG00000253522	41.3644344688717	5.66405643478864	2.55357720128674	6.69957853718627	9.80857333263762	2.11042826414063	2.29471100379725	8.13155293253555	8.02312930885128	1.31076806411864	3.15985701016901	4.866201419615	1.39983321744473	1.98057808669853	1.16609257708251
ENSG00000253659.1	rest	ENSG00000253659	41.429196166304	5.67740010088078	2.27045456204822	6.43428916493494	9.81247515872519	2.1097617921456	2.28611806578772	8.07325547574149	8.01724641617465	1.36889351010407	3.10566358120666	4.85973966352856	1.39667515308604	1.98588496732967	1.16541929720677
ENSG00000253738.1	rest	ENSG00000253738	41.4037055118279	5.65065198825766	2.28750209353681	6.41402088737068	9.81582339680895	2.10883161753586	2.28826301783308	8.08636200330873	8.02063760535169	1.35162254938049	3.12631368925259	4.86036124446572	1.39942776970356	1.98629666680172	1.16506342536592
ENSG00000254166.1	rest	ENSG00000254166	39.3236868312368	6.78711749774662	1.97790530645783	6.47794153289646	10.3148931868076	2.05044112793365	1.73841556230469	8.24581917144808	8.02677441657128	1.4098585182668	3.09764828271851	4.7881579975847	1.3547722233736	1.96969802712429	1.16328179756821
ENSG00000254251.1	rest	ENSG00000254251	41.4151225854228	5.67127144463523	2.26578388295595	6.42803451890015	9.75560824887709	1.96141874105169	2.29629208001831	8.0911988222224	8.01662885066006	1.3566205418242	3.12632712573195	4.85809058710437	1.40062778004404	1.98606321264444	1.16562531990687
ENSG00000254277.1	rest	ENSG00000254277	40.9217272743971	4.61427562030696	2.01135058531345	6.52369835817569	9.89596584249743	2.18289397028662	2.31148662188814	8.13304449507503	7.97472036178191	1.35457361740363	3.13904866765003	4.86253711568068	1.39872508380321	1.98418127609055	1.16112370312669
ENSG00000254337.1	rest	ENSG00000254337	41.4229323027932	5.67494819888142	2.27071646488712	6.43358577533916	9.78978053793012	2.05636123761019	2.29032292237496	8.07170312025024	8.01423489897891	1.37442956924841	3.10255797448093	4.85843282793552	1.39828862142267	1.98523725574153	1.16533350195818
ENSG00000254339.1	rest	ENSG00000254339	40.3078013041522	3.33232955826282	1.70413070047846	6.63577311852632	9.99323590872193	2.27289547979084	2.34320849719588	8.18869095711854	7.91781679826861	1.35806349811484	3.15583920388355	4.86384353266642	1.39756617394589	1.98139659778375	1.15638745421632
ENSG00000254539.1	rest	ENSG00000254539	41.1717141404332	5.42463788263104	2.29052586316855	6.37564677613578	9.76543026464265	2.14344463864433	2.27467391481423	8.05408986185665	7.99716590601198	1.3905905976839	3.09472409828021	4.89720695230065	1.41826729425927	1.96887243092364	1.18076876363954
ENSG00000254682.1	rest	ENSG00000254682	40.8561515680425	5.22309939458043	2.58591372300914	6.37728124278372	9.85168416489253	2.05400121582237	2.31962249903306	8.12927386068469	7.99755271681057	1.31070043065236	3.14265446336107	4.85359127882061	1.39483412254022	1.98776173121865	1.16549251582633
ENSG00000254911.1	rest	ENSG00000254911	39.7272898754438	5.4913814666562	4.16704121704073	6.01712903077815	9.27769349261332	2.41243356160621	2.2176504982806	7.69234498440469	7.76299645201928	1.64173563119204	3.14002117018244	4.62130518562576	1.45239826829635	2.00881178950336	1.18373213322888
ENSG00000254934.1	rest	ENSG00000254934	40.0425690648522	2.77914678899474	1.570751056766	6.68325420609013	10.0353355058336	2.31171279176594	2.35648101826521	8.21256085973662	7.89314503636436	1.35958009330977	3.1629299606	4.86434634241609	1.39705670078444	1.98019759193323	1.15433798248071
ENSG00000255135.1	rest	ENSG00000255135	41.1931719378885	5.56159538893962	2.3695331554503	6.42711293460348	9.83642344526058	2.09955422075831	2.30948599296217	8.09062275373711	8.00248603460534	1.33899479781181	3.13123148337463	4.86381074162228	1.39613914851636	1.98574192811137	1.16179859399824
ENSG00000255248.1	rest	ENSG00000255248	41.4025148584321	5.68557024471119	2.26873138174898	6.42945558966094	9.77678155920504	2.12661475970899	2.27501810389383	8.03982973443641	8.00691263494444	1.38317209017395	3.17558893451426	4.86631940132765	1.44033421230526	1.98578529553866	1.15915272620427
ENSG00000255399.1	rest	ENSG00000255399	41.4280746746804	5.67835998956982	2.26787454332224	6.43045146506921	9.80500151300017	2.11276123599999	2.28212337924997	8.07402349269228	8.01623041207874	1.36186483259296	3.14483660434752	4.86435465508563	1.40951655865214	1.98582413276263	1.15736641758363
ENSG00000255495.1	rest	ENSG00000255495	41.0439485661681	5.38099238754939	2.1859422207885	6.43774598718499	9.77579820436274	2.17420020536747	2.28583739210357	8.05954039954061	7.9836062588518	1.40619431470192	3.12087349204647	4.85701595435287	1.41890875305291	1.97365998452307	1.15938353227475
ENSG00000255717.1	true	ENSG00000255717	39.5124355047913	5.20264866486985	2.59166548682482	6.27605836807714	9.90255908481772	2.2369636927155	2.7039066158963	8.11609053282326	7.97232051709421	1.1963937285288	3.15561394110378	4.83501094662326	1.35871508095451	2.01398109328155	1.15720478024817
ENSG00000255773.1	rest	ENSG00000255773	41.0122145562963	5.78034894977869	2.28071584708535	6.40134078313629	9.75109719593752	2.01937337799449	2.31870938019198	8.11456887260757	8.02458840701421	1.33963385851596	3.11412461387821	4.86773467149391	1.38415867785984	1.98352665798031	1.16122543688208
ENSG00000255794.1	true	ENSG00000255794	41.2250603213872	5.24988777759055	2.16503258834005	6.46962224374016	9.8478564080642	2.13833262695669	2.29637312189842	8.10566834947031	8.002956662526	1.35261934493481	3.13096870097113	4.86193306124541	1.39928052677016	1.98555134698751	1.1634820545141
ENSG00000255955.1	rest	ENSG00000255955	41.1418813766162	5.07411119378683	2.12193262217655	6.48384372730805	9.86105654850273	2.15060783044822	2.30010534604571	8.11310668698318	7.99513158357043	1.35327152803866	3.13308925352233	4.86220816607521	1.39909739361352	1.98522885184886	1.16270234406217
ENSG00000256017.1	rest	ENSG00000256017	41.3682901549805	5.70239030864362	2.2786533078945	6.40875694875136	9.82656877680204	2.10393606383672	2.26919751081732	8.0855720251349	8.02197651610323	1.34544218303677	3.12202335861203	4.8568696576732	1.40014471011598	1.9938266104162	1.16700957323034
ENSG00000256162.1	rest	ENSG00000256162	41.0881221984583	5.85940952473921	2.21499011165415	6.43528872190398	9.89432397133441	2.10086880085363	2.21139196162615	8.1117765679324	8.02405021455302	1.36146515070055	3.12112522638549	4.85032153064563	1.39219813029606	1.9843703553758	1.16486337202859
ENSG00000256329.1	rest	ENSG00000256329	1	9.41749731304632	19.4349630623736	12.5764607364073	2.46631222674927	4.65821718820764	1.17015604412602	1	1	1.31376507519156	7.32378184026478	1	1	1.85001607711261	1.92254551751765
ENSG00000256910.1	rest	ENSG00000256910	41.3230205370884	5.59981481835594	2.66609737854094	5.98128759854372	9.88186642980046	2.10588749704013	2.32649021495287	8.09087738343174	8.03380595472978	1.34627754456	3.12360241319213	4.86218992024259	1.39526356562774	1.98791639122981	1.16327346442431
