gene_id	withinSubset	lncRnaName	Comp.1	Comp.2	Comp.3	Comp.4	Comp.5	Comp.6	Comp.7	Comp.8	Comp.9	Comp.10	Comp.11	Comp.12	Comp.13	Comp.14	Comp.15
ENSG00000004142.6	rest	ENSG00000004142	55.5467228077558	12.377007057558	17.6455379440917	6.40452317829356	11.5305864583912	15.1228321782295	6.19639484252935	11.1312926272442	54.3006050382908	5.27756518814606	76.5334340367676	6.06272430550158	5.02969506298134	4.887928731135	17.1020038164705
ENSG00000006534.11	rest	ENSG00000006534	63.4442151287855	12.9795858537394	16.5613953546653	7.97025569836169	10.7005780512665	15.8731176327496	6.81818872887969	10.3860697793924	54.1131208701883	5.06353878123123	77.2029282409335	6.33577610172985	4.74528400938006	5.21159294384437	16.5885708228063
ENSG00000085365.12	rest	ENSG00000085365	61.4604320543765	13.1630009749253	16.9533064911969	7.3586226981824	10.6228485900222	16.0182343143544	6.81663068026264	10.5572539765143	54.002200832495	5.19720829437397	76.9314817958833	6.30980435047624	4.5992277203265	4.93621429222444	16.3827381024521
ENSG00000088970.10	rest	ENSG00000088970	63.8279599945872	13.1170737823488	16.984405769231	7.47518446561234	10.3156406606668	16.0453781899779	7.27254516969466	10.6982432742569	54.8572358208217	5.79969912914894	76.7455771707041	6.14387910841632	4.54906356531851	5.16842417716204	16.2861106877923
ENSG00000100181.14	true	ENSG00000100181	64.1420312656224	13.2581757668092	16.9370429423071	7.40338714462207	9.3943917172429	16.2560798648329	6.21165353323466	10.9031014742032	54.0045834827993	5.57223737946815	77.1407971069091	6.21134363706725	4.52604004622859	5.12323685715897	16.3494508222596
ENSG00000104691.10	rest	ENSG00000104691	63.9636949543589	13.208874029578	16.872445753304	7.46518864693934	10.1376652941591	16.1590344077229	6.78626605847763	10.7055077122028	54.0238515502133	5.34419977999096	77.0034523340608	6.20185859424769	4.49251560466539	5.22043968941349	16.3914179477441
ENSG00000126005.9	rest	ENSG00000126005	62.3930525811023	12.8663766840936	16.8626157710106	6.98789377081865	11.0561713175276	16.0991310120045	6.44976632510241	10.8312429689771	53.7455568815602	5.59828352567724	76.7906744486645	6.09822172901405	4.76311298733064	5.08749705574764	16.457519028138
ENSG00000126749.7	rest	ENSG00000126749	61.8161264681033	12.9027846056151	17.3613285649738	6.42112825971116	10.1835554984292	15.740664095839	6.87481428024643	10.4679833493941	54.0601825767528	5.13642746890003	76.7933740986023	5.81791174908181	4.30377779460915	5.36725633255617	16.6894239198732
ENSG00000130600.9	true	ENSG00000130600	1	1	1	27.0230813083012	38.8650338966788	1	2.94749065296638	8.52335680528164	1	38.8576467012587	1	27.606100243063	195.648463925827	99.5975330644494	1
ENSG00000131401.6	rest	ENSG00000131401	64.3588537298322	15.3250972126893	17.3194062780326	7.51046824562996	10.7686086602396	15.7844286852937	6.93023519572039	10.8054523237264	54.0393877063297	5.30379790952008	77.1218954218308	6.11156231295844	4.48281579697455	5.20613282572443	16.3656065833572
ENSG00000137700.10	rest	ENSG00000137700	63.1440238839051	12.9576640578855	17.8969417372416	7.24669820796392	10.0796005820929	16.1049208355406	6.74351975863941	11.0762744687067	54.3401087846708	5.58456954253506	77.2072750862916	6.1252241046933	4.35246683820464	5.15530108037569	16.462235281954
ENSG00000142396.4	rest	ENSG00000142396	61.5452563366383	13.5019345658647	17.1186892669368	7.01818126281185	9.79678236967394	16.0455955806537	7.22269011504101	10.4116291396708	53.7907750171621	4.85692066836506	76.7640607746358	6.22414869868448	4.7833380438943	5.20725473825605	16.3545590138348
ENSG00000147676.9	rest	ENSG00000147676	62.5585919009343	12.6718106310898	18.4322583848468	5.95412429155034	8.86100821093222	15.6022099212116	10.1869635603314	10.228838915024	53.7652293429587	5.76006582340276	77.4214284183553	5.10415338237672	4.3973260211558	5.17798662715525	16.3521671120074
ENSG00000150316.7	rest	ENSG00000150316	62.4358239190127	13.6735399978558	16.8480388075364	7.5498491089131	10.247215357059	15.9102215908906	6.66685913683639	10.515296445191	53.9902879641623	5.42452672267222	77.0588865255724	5.99449115525822	4.65215555960026	5.33732359956662	16.4917227420196
ENSG00000162290.10	rest	ENSG00000162290	62.9122520775697	13.2762841532126	16.9277418211178	7.55903219180854	10.3947157980541	15.9987831492212	6.98195486978357	10.9935999200234	53.9575836592098	5.36725060585078	76.7853979136772	6.12392122759515	4.38426541084347	5.20866869931285	16.4162195079622
ENSG00000170846.10	rest	ENSG00000170846	63.6502746742885	13.1647719884687	17.1399423636711	7.54019822685361	9.68105424770694	16.1642394946596	6.65746448250812	10.7976803588125	53.8233749417722	5.75698035659414	77.1817293495115	6.34964944979144	4.50642358474273	5.18983872919353	16.3404798145543
ENSG00000172965.6	rest	ENSG00000172965	58.9083055703954	12.1700048915605	16.4693548494287	7.81601809881798	11.0704478385674	14.3222095718351	6.81142059313492	15.3175257435103	54.4794649264639	5.46108030830121	76.1492015861838	5.94272599791278	2.91652888860796	4.61439123365776	14.905940260759
ENSG00000175061.9	rest	ENSG00000175061	35.6195523686172	11.7727938675316	22.0412930437376	9.16546274640256	10.6201916582346	12.5060087386918	5.26607087521162	13.2363564676329	54.726657650362	6.41854133528011	74.0973569002401	6.22928396540736	3.24441551836125	4.79159896163122	17.5812646407349
ENSG00000175772.10	rest	ENSG00000175772	64.2553594357098	13.0849641107241	16.9533120796467	7.32139908639814	10.2407153294165	16.0177667684071	7.43403893327491	10.7856909943017	53.702056817387	5.38748679268849	77.5864470486843	6.51679702481546	4.43753261826193	5.22204784474457	16.3972473015331
ENSG00000177410.8	true	ENSG00000177410	46.4644755884433	15.2061996716524	18.974357189625	10.3280134337577	1	14.9688903615956	9.55842137018474	7.96855778865159	57.7582754300463	1.01596855419739	78.6828917331706	11.2287811294581	4.44819800959086	5.03617001936609	15.4985161542083
ENSG00000180712.3	rest	ENSG00000180712	64.3612845841933	15.2230048063635	17.3055136628839	7.50897414105324	10.753643877445	15.8027591203744	6.93453434491165	10.8073556854075	54.0462755943211	5.30811425635262	77.11758297884	6.11447441475562	4.48017198024755	5.2061175854247	16.3647355964462
ENSG00000182165.12	rest	ENSG00000182165	63.1786802544303	13.2316253425265	17.0165895665109	7.23855488973298	10.7938728689059	16.3283375896795	7.02309104235181	11.0270967607104	54.1610162466414	5.32201337310976	77.2054275595604	6.17377434371011	4.50888185693013	4.8263236839365	16.0804222666757
ENSG00000182841.7	rest	ENSG00000182841	63.7080776154732	13.096990893924	17.1556472735377	7.16131130520262	10.4473806589695	16.1191307678327	6.79369856705409	10.7843724285961	54.1676409972694	5.44559237596257	76.9706212829685	6.15039331857566	4.53509960073858	5.1984011262426	16.3532638143082
ENSG00000184324.11	rest	ENSG00000184324	64.3386497077052	13.2574987085109	16.8483865436894	7.52453410001986	10.218888956879	16.7537630627666	6.77142281270068	10.8386061459034	53.9641567778742	5.34495408612096	77.1258645757753	6.15363138613579	4.44417436774302	5.18212049782209	16.3505918486781
ENSG00000185044.8	rest	ENSG00000185044	64.4152977772228	13.2027816445076	16.8686604614032	7.48716872412899	10.1509850386199	16.2643815386586	6.73758820922472	10.7816224578905	53.9894135369964	5.37362972231181	77.1019480568324	6.19594662097217	4.45310028511942	5.17694355255157	16.3513113045395
ENSG00000185433.4	rest	ENSG00000185433	64.4824734446578	14.1388330809724	17.0638384524158	7.47381789788603	10.5875286825448	15.9802604353982	6.89712015077094	10.7740863559756	54.0138444392928	5.30056179012042	77.1042595597574	6.14123168493697	4.45929142513476	5.19872014751603	16.3690134957677
ENSG00000185495.6	rest	ENSG00000185495	64.2022249645065	13.3521598928548	17.0562608849637	7.60034864945823	9.9548654025396	16.1709789009695	6.71419197955287	10.8125407898111	54.090040898689	5.45780962650342	77.0761966978504	6.19140797940122	4.45924769694357	5.17595584588956	16.3583640745519
ENSG00000185728.11	rest	ENSG00000185728	62.6106559381279	13.1082738715265	16.8773882258741	7.35313302337352	10.6663406048903	15.8201148285265	6.84686302630298	10.5796240978169	53.6174425159916	5.50177203853802	76.7467475539506	6.37240638468768	4.30173334320338	5.20554648890647	16.2411897214654
ENSG00000186056.4	rest	ENSG00000186056	64.3476959635321	13.172621472851	16.8466322470495	7.50557791631343	10.2326570003786	16.2220099251587	6.76532690903729	10.7771531910608	54.0300596882215	5.29648622758609	77.167058840709	6.10035637549729	4.51347094165181	5.11159873882648	16.4185749763148
ENSG00000186594.5	rest	ENSG00000186594	62.0602643104606	12.8520428636698	16.3301171179411	7.57999898960336	11.0836436782136	15.6069477768584	6.58883702300117	10.2262223591559	53.565643824732	5.78403740077316	76.6152968405293	6.33907274729602	4.70771123201424	5.52981765627085	16.405656062671
ENSG00000187156.4	rest	ENSG00000187156	64.4123036778068	13.2114247477201	16.8607454820199	7.51541911013826	10.1378548971715	16.4773704072683	6.71426431735849	10.8210932741852	53.9799577887429	5.36667556435901	77.1194761367527	6.16900009306712	4.45492299848345	5.17848192001831	16.3560773043538
ENSG00000188206.5	rest	ENSG00000188206	63.6593620605051	13.8649591032022	17.4288045447487	7.74751443668287	9.26602404832339	16.1309554946076	6.81555790069264	10.7426248848749	54.0182464504422	5.21472481411089	76.9180771857287	5.87457871966326	4.42483210437017	5.22597858113569	16.3210926655676
ENSG00000188338.8	rest	ENSG00000188338	64.2663395022371	13.0387519628454	17.0221962874409	7.52150064403456	10.2348106170128	16.1546088320252	7.75036637130693	10.8101050111842	55.5603820884933	6.1914271072858	76.5194641536973	6.23198786895106	4.44190716770304	5.26204525359459	16.2334630055135
ENSG00000189223.6	rest	ENSG00000189223	63.4865174203333	13.1887806445376	16.7597468386203	7.54988833776224	10.4029787719873	15.8156034060356	6.71410040556639	10.9962603741248	53.9232968881007	5.43568578654848	77.4466973375418	6.06162429716946	4.80820281043663	5.5400822191495	16.3477158256418
ENSG00000189229.10	rest	ENSG00000189229	64.4925039023834	13.1794951200165	16.8813668665007	7.48692728225869	10.1616840359123	16.1694292637958	6.78680909803056	10.7651034366011	53.9925129792288	5.31920732805811	77.0670031153979	6.12844012355651	4.44537778285885	5.19021404376257	16.3631832117352
ENSG00000196756.5	rest	ENSG00000196756	63.1578711994853	13.0660450194856	17.22072691715	7.23513539066373	10.2315470831582	16.0540041425445	6.90773923051344	10.7996632937602	54.0702241497775	5.15680582831968	76.8762867648578	6.67689611807139	4.73573794596582	5.2289110631261	16.4035102131505
ENSG00000197463.8	rest	ENSG00000197463	64.314776182909	13.2727175941034	16.8530869033509	7.53574275587424	10.1678091311238	16.788361342047	6.74343996150903	10.8493110955025	53.9633060128231	5.3571582249169	77.1303804710322	6.15484646084082	4.44744705176882	5.17973557337162	16.3483835069389
ENSG00000197989.8	rest	ENSG00000197989	63.4752051242178	13.3751822140361	17.3167517588412	7.33334638692421	9.85000673223331	15.9975422180805	6.98447528398464	10.7998833206425	53.9992703972349	5.34690239630427	76.9260259915347	5.97661171349437	4.35173449435981	5.19073036855301	16.4435094656412
ENSG00000198833.4	rest	ENSG00000198833	61.9635788361176	14.1137862436497	16.8384388019202	7.84715279506529	10.8357689294314	15.5916735238051	6.93773262645111	10.8180505989421	53.372526819579	5.79446251603473	76.4662624965331	6.31440194202013	4.89515126390893	5.50261990898073	16.3073184399058
ENSG00000203279.2	rest	ENSG00000203279	64.4010375045548	13.0438197318465	17.3130738097176	7.48526811316174	10.4180850793318	16.1981417612239	6.8864476876018	10.695057673499	54.0953301052704	5.32276282262567	77.0260466954274	6.14393719986339	4.44001795709036	5.17279348962986	16.3520333401035
ENSG00000203497.2	rest	ENSG00000203497	63.7068775863083	13.2418345572992	17.1461844080758	7.43460275674801	10.3948907196273	16.4897117452521	7.22815203839586	10.8156942251828	53.9610325626724	5.12157243419242	76.8715031710915	6.17957216036155	4.54068780320774	5.21993292156116	16.3124839535052
ENSG00000203499.6	rest	ENSG00000203499	64.1981498994874	13.0758019283452	16.9931112660594	6.95066423307016	10.2461469823475	16.0368746472023	7.29818482599206	10.7210010080594	53.7150886991832	5.49057539557857	77.4996085049217	6.21061029892282	4.48248227244958	5.23254384138778	16.3767314137626
ENSG00000203875.4	true	ENSG00000203875	56.4568476776002	13.9150055969191	17.4116379577629	7.82997101890915	8.11810331738878	15.7500933828439	5.31535313321807	10.5609972496089	53.8277089289521	6.01788443907291	76.5817812828578	9.25238721085396	5.56686470156016	5.23833868203368	17.6010974541761
ENSG00000204054.5	rest	ENSG00000204054	63.4043287648795	13.0705908153238	16.7686571368915	7.72596386738821	10.241873492178	16.3123149767996	7.1300854775678	10.9900915176417	54.0368597242626	5.21919814463985	76.9513454225181	6.07139038909869	4.44464215851074	5.18665304170885	16.4841877283231
ENSG00000204164.5	rest	ENSG00000204164	63.6662098644221	13.2015588150063	17.1287408104368	7.60359888108872	10.0849200245862	16.4102723310274	6.97412835841749	10.8628880500693	54.3281027910744	5.41217969294129	77.107716376857	6.21638090803675	4.44742708858326	5.16932564676883	16.3598639885889
ENSG00000204272.5	rest	ENSG00000204272	61.9552721047965	13.0106982080305	16.9963211065566	7.06870373343375	10.9843536295255	16.116876967124	6.83283008641001	10.6261427532067	53.7956670112532	4.91569880566871	77.0131762925229	6.58346271808472	4.59800543611528	5.42940997695021	16.136892653998
ENSG00000204623.4	rest	ENSG00000204623	64.0714784272731	13.305425091294	16.9741522196942	7.62214806448889	10.096447199601	16.2478317423476	6.76022219023583	10.800242988681	54.0400977086513	5.33063066782779	77.2032499119809	6.1235953048122	4.46301284203337	5.1914344850958	16.445045375669
ENSG00000205662.2	rest	ENSG00000205662	63.4881060965528	13.5703979523945	17.0782612430063	6.88351135561545	10.128088822379	16.7646103043846	6.47212606970396	10.7994751322316	53.9703281062837	5.49441941324542	77.0988046732999	6.22265180568624	4.08504108521421	5.49199675042269	16.3782346563734
ENSG00000205663.4	rest	ENSG00000205663	62.1422339010591	13.9076238615458	17.4334432630053	5.61121240322968	9.84193025445914	16.9342886654507	5.97306768470899	10.9354815311833	54.0815703533226	5.7120709455188	77.1170103987125	6.30463160319547	3.7307086597275	6.02246408986632	16.40986996498
ENSG00000205861.7	rest	ENSG00000205861	64.2703227731999	13.1137551871627	16.7985757456408	7.49799575406205	10.5396917018945	16.0646753404591	6.81887722209087	10.5822660670626	53.7841291339128	5.52435709066271	76.8627626450972	6.23333737439474	4.24162692106006	5.08115759574174	16.4623690313893
ENSG00000212978.4	rest	ENSG00000212978	63.2424242772831	13.0751677457934	16.7696063038709	6.94989999901697	10.6874001896998	16.0460632481696	6.89345499236238	10.6912961415692	53.7538989697228	5.39958741598969	76.7364710991237	6.31350842718125	4.56373525277199	5.03916271185098	16.40275425752
ENSG00000214049.3	true	ENSG00000214049	63.4392808895203	13.4292192927083	17.217221367784	7.75269110355745	7.24758082064317	16.2266455184778	6.64518551788693	10.5957956637006	53.5888821413034	4.78718121940299	76.4119765369088	5.07371494513299	4.40942726873741	5.20512721478518	16.4211809146633
ENSG00000214548.7	true	ENSG00000214548	61.511203860296	12.5666361439529	16.1228960463941	8.68687919686429	11.5353767828523	15.0103327001689	6.40917450210045	11.5891160951956	54.0373889417677	5.01014272757219	77.4241454873351	5.87306290022749	4.16750694904241	4.92359478441703	15.832960441084
ENSG00000214719.4	rest	ENSG00000214719	63.4645382789447	13.0795851696796	17.0912025025002	7.49385036827715	10.6290800232486	16.1299573177167	7.15194328948942	10.9308838848254	54.3239373826255	5.32573931164585	76.7862253542298	6.36470142230891	4.50487843167267	5.1209691535243	16.3285403752913
ENSG00000215417.4	true	ENSG00000215417	63.9521531868563	13.5251101219672	17.1899427395687	7.7482463867216	8.63543891204273	16.331600088401	6.03586499113342	10.9519916147224	53.9693109457689	5.58169830715377	77.1240304564658	6.16299588835516	4.53600541332136	5.13670220085696	16.3241658037323
ENSG00000215447.3	rest	ENSG00000215447	63.4286722704883	13.0507820139829	16.7892904472147	7.69613044433708	10.6543500149764	16.4607676091148	7.0036782690805	10.8072977500963	53.9516466732048	5.44722894527668	77.1611919859654	6.08779677730557	4.63446576695755	5.27498056561533	16.3414669107891
ENSG00000215908.4	rest	ENSG00000215908	63.6267030256514	13.1252706219068	17.1446227014864	7.61178361186735	10.0854902013188	16.3190430873213	6.95998898670104	11.3654806455079	54.4637120890806	5.57074257455116	76.9738128562176	6.16197970180791	4.39405389822828	5.19105148764764	16.3740496679299
ENSG00000219481.3	rest	ENSG00000219481	61.8543581614437	12.9183955584644	16.6758356513452	8.0967855521433	10.3330395535277	16.2773301677447	7.40701972408655	11.1836182525261	54.1734712690874	5.33370158137939	77.6497185536791	6.21751558292113	4.26675877457091	5.15742588080932	16.328585255961
ENSG00000222041.5	rest	ENSG00000222041	58.4259976723957	12.6167916454372	15.9644243469966	8.8518976604961	10.1682011409471	14.7502442889927	5.41640199338283	11.1197651811335	55.2757310535371	5.04248911869575	78.3337390433626	5.23968576749739	4.67970045706144	5.45844982860084	16.3436777441883
ENSG00000223380.3	rest	ENSG00000223380	54.3786667267651	13.0496237981033	15.2205928105739	9.83856739039055	12.1300805285911	14.3413931507785	6.28136258623774	8.70621178476052	51.7975244836404	7.55863003525005	75.7804873309712	5.32877859192996	4.13244524872937	5.24517022724244	16.3595237092248
ENSG00000223414.1	rest	ENSG00000223414	64.1112903590518	13.1385811705941	16.9440086649205	7.49285164138791	9.80427540624925	16.0202870499331	7.58530340533455	10.3362452139532	53.8025669975732	4.32060504021614	76.5958495301918	5.97196002878602	4.28502849295663	5.27635887934468	16.3981569059619
ENSG00000223477.1	rest	ENSG00000223477	64.3577453891722	13.1308270065798	16.8517244525959	7.36383280349879	10.3544211686075	16.1325756978259	6.95793904981	10.6296561548744	54.051600864462	4.98193245634807	77.0671177799699	6.54824242488579	4.41727508543137	5.16325756543938	16.3640016101372
ENSG00000223478.1	rest	ENSG00000223478	62.8844516908428	13.6258331141567	17.3553508020183	7.09748389046834	9.97038845288751	16.1119146777978	7.51774713840879	10.6609898717778	53.6179417424838	5.10902863171657	77.2103123144002	6.35027637003211	4.27067547776468	5.19972994620634	16.3698893257176
ENSG00000223482.1	rest	ENSG00000223482	62.6445931995844	13.2606202002196	16.9886411227037	7.20835493724816	10.3178290155399	15.9113050235664	6.55506243022146	11.1016316976956	53.9470388943625	5.50733812140294	76.9061178749336	6.25518865987983	4.51683198548445	5.00901404471997	16.7084727257078
ENSG00000223573.1	true	ENSG00000223573	64.383593708762	13.1081126729251	16.9148580184205	7.1765826395819	10.3403406082761	16.0929995306751	7.10935289129467	10.7409963823321	53.8424805456995	5.41777015483386	77.335205201088	6.19266939333944	4.45489348246424	5.19813568139529	16.3747550686395
ENSG00000223745.1	rest	ENSG00000223745	64.0264987074973	13.6171084240092	16.9860780704182	7.55786061639725	10.1886123798073	16.4645676002465	6.76703237767275	10.8340279286564	54.0586029511577	5.34567236765021	77.1496314944879	6.20289900707097	4.46605004883822	5.19269321439498	16.3616039556644
ENSG00000223768.1	rest	ENSG00000223768	63.4310816531829	13.0647871904051	16.8650448536036	7.72652987527616	10.5122022524673	16.3845603748739	7.17551761190522	10.8471962664962	53.8635069545814	5.48572508294677	77.1269326119382	6.12248604799221	4.42908453032109	5.23307324815187	16.2482192486362
ENSG00000223808.1	rest	ENSG00000223808	64.5316882831175	13.118026839517	16.8838954481879	7.41475320088031	10.3653696709733	16.1106063075538	7.09284833103245	10.7638696324791	53.8492002788068	5.43294016393831	77.3166116840775	6.21927564713509	4.45939494888467	5.1952105315523	16.3760749844317
ENSG00000223812.1	rest	ENSG00000223812	64.494344765313	13.1768848373391	16.8660638809236	7.48837186924215	10.1843465412292	16.2482239409372	6.73211386465673	10.7917353319513	53.9933201522805	5.35938518047051	77.1077350023248	6.17599909979409	4.45505753916636	5.18188548133867	16.3631920814601
ENSG00000223959.3	rest	ENSG00000223959	61.8039537538246	12.6979821575493	18.4760303950076	6.83266273659951	10.102472983146	15.6471994577309	7.92666206226789	12.9408648160549	53.5171643014463	5.73287604457419	77.2332302745016	6.426247264752	4.34982210528459	5.25461382102465	16.3391991254993
ENSG00000224032.2	true	ENSG00000224032	62.6271144489329	12.9206354372214	18.2557129776086	8.14193893741703	10.5012693550393	16.0378059837299	6.77787095819462	10.7983571997687	54.5418498614073	4.98075823622675	77.6018594832801	6.18870226490551	4.57086332197861	5.2071948141668	16.541871141238
ENSG00000224093.1	rest	ENSG00000224093	64.511767454093	13.1170383150867	16.867423980026	7.45871391280478	10.3774102117331	16.145159762614	7.10135093593164	10.7643476877024	54.4034269021421	5.52701727758886	76.9428995399788	6.1848719867034	4.4304443891142	5.20604597583252	16.3362867380063
ENSG00000224137.1	rest	ENSG00000224137	64.4297517163894	14.6481759048391	17.1733156562849	7.48939201662651	10.6654534101999	15.8961197802921	6.91145886683378	10.7876092872702	54.0248888669565	5.30170624475991	77.1120817814257	6.12845111527974	4.46920233337205	5.20181693033029	16.3675380680112
ENSG00000224189.1	rest	ENSG00000224189	64.320169546772	13.0785785614518	16.8937996446484	7.50388082394324	10.3708322424628	16.1987414482576	7.36154406332351	11.0935004401774	54.7381283387551	5.67884544033462	76.7809010227376	6.21898913571409	4.36543453448272	5.22022407357934	16.3015590878978
ENSG00000224459.1	rest	ENSG00000224459	64.3441951558016	13.0418679377835	16.8787363154917	7.5212911310416	10.5235841130053	15.9946392476862	6.9356823220088	11.5920695950307	53.9459573743135	5.17282011794578	76.9597508632041	6.18417537246722	4.29062538889612	5.2001892027881	16.3711922882742
ENSG00000224597.3	rest	ENSG00000224597	62.8282913762506	12.9334692422105	16.6245695125787	7.02212314804302	10.7471837871042	15.908168429101	6.64382275359277	10.9653552832025	54.0479476743875	5.33587459415745	77.0474604855748	6.14023432815947	4.54698413637887	5.07108882503582	16.5310621557234
ENSG00000224738.1	rest	ENSG00000224738	64.0171110656225	13.0275199235264	17.1603436504025	7.22536231785244	9.92095353799966	15.8930667600441	8.40313755196522	10.8423395277874	53.0380958661688	6.06121900084776	78.4521278703674	6.42698147909973	4.57510076902353	5.19068743326009	16.4115510019951
ENSG00000224818.1	rest	ENSG00000224818	62.6738654087938	12.9776840181258	16.6405744593245	6.8972451624706	10.9100718603884	15.9449636493938	6.77545881282351	10.458422378199	53.815205970366	5.57638632406078	77.0149589688318	6.18830064468161	5.17200659647762	5.55449972457168	16.1738029366586
ENSG00000224870.2	rest	ENSG00000224870	63.7213943418491	13.2000675276995	17.0811333059475	7.40757810634802	10.2191990913548	16.5139225942731	6.75323669334925	10.8109004458931	54.0226892132736	5.37403018076936	77.0768819181413	6.05923915550724	4.5255360877008	5.2285376876949	16.4070968848022
ENSG00000224930.2	rest	ENSG00000224930	64.2918808801089	13.107237103206	16.8727305386533	7.4389544187541	10.2027373509959	16.0514166647008	7.18740849391315	10.5936110358356	53.7553081549751	5.02876427916298	76.6818832891033	5.82628321208272	4.77082024669766	5.34712882278119	16.36919206437
ENSG00000224959.1	rest	ENSG00000224959	64.3654052073282	13.076489483112	16.8592110960314	7.5246801709669	10.4413921333756	16.0476773846022	6.88845085880645	11.2363580246565	54.0014643997112	5.24257275920377	77.0279581545752	6.17722290936774	4.35730187931248	5.20110360337301	16.3343264964279
ENSG00000225135.1	rest	ENSG00000225135	64.1242735641092	13.2194175322125	16.8494967074117	7.57201527426452	10.0094766658626	16.2078107931895	6.64100060951097	10.7521597845475	53.9416851492667	5.48008973827178	77.0925242062029	6.19006683753491	4.42681016211957	5.14705016568689	16.319113758832
ENSG00000225151.4	rest	ENSG00000225151	63.2378018762449	13.115637693735	18.0920569704938	7.44393358826519	10.4974215923757	16.5775204351069	7.1677462718891	10.8405262859177	54.1531266619222	5.2110153493006	77.1687072825401	6.33078152542787	4.47878460543871	5.19955400953155	16.1756044946046
ENSG00000225210.1	rest	ENSG00000225210	63.5651153205287	13.2541285247095	16.9546251378034	7.61145384942818	9.69657076350888	17.1141857668723	8.0328539143521	10.7185972608088	54.5955965949941	5.66993801648128	76.921584388417	6.50069467846514	4.4017702116035	5.24054345129882	16.3010594895953
ENSG00000225241.2	rest	ENSG00000225241	62.8918656889547	13.1370207592573	16.6733609482749	7.11399588752773	10.6306135855872	15.9266714954178	6.69977132501493	10.4879774527824	53.8169223868847	5.65526847175776	76.8498951142192	6.24783700098225	4.16586455297904	5.17298722516202	16.253426591901
ENSG00000225733.1	rest	ENSG00000225733	58.4794017010573	13.2352635935314	17.1191099749037	7.72601808391068	9.94077253141565	15.8259297616086	7.30507221663093	10.789035100324	52.9232953611282	5.87582180522563	76.4208827225665	6.31377457764298	4.1961076931749	5.12301887439338	16.4987764594733
ENSG00000225746.2	rest	ENSG00000225746	64.4504804510839	13.1083722058016	16.8145299606122	7.50370983461314	10.4844611043375	16.0936525353016	6.84857293659798	10.7918744570995	53.9800363472433	5.29971951807543	77.0915565980752	6.15144911154079	4.39960579104483	5.1633747556073	16.3296995166866
ENSG00000225760.1	rest	ENSG00000225760	64.0766214650921	13.1408252383698	17.0759088079017	7.50144109215357	10.1234715021626	16.1740295236862	6.67245486642513	11.0072011144089	54.0284358992663	5.40043590519181	77.0614550811418	6.17934460110444	4.43327962471654	5.19143119328922	16.3708238525835
ENSG00000225791.1	rest	ENSG00000225791	63.539677013531	13.1312535345494	16.7814972024984	7.72131275915574	10.576511183028	16.2734175782071	6.91248096576976	10.619619962922	53.983502851943	5.43510278797724	77.0615422076078	6.13192360632891	4.60200583119092	5.24854253216123	16.4374336163226
ENSG00000225873.1	rest	ENSG00000225873	64.4664183313912	13.1952480957732	16.8841633242261	7.50730625643471	10.0911260489339	16.2121704540855	6.72510306892351	10.8173000907896	54.07122945482	5.42038407818357	77.0828383857894	6.1846167008989	4.45922498851333	5.17952595949799	16.3551294764735
ENSG00000225973.2	rest	ENSG00000225973	62.2289313658544	13.2601578870017	16.9388981183064	7.81700288173857	9.83930179664774	16.0153780310357	7.00366864485147	10.553817315834	53.9029065996405	5.2466853814975	76.8152205569445	6.30378452471969	4.50521083740747	5.07715429454618	16.391983802757
ENSG00000226007.1	rest	ENSG00000226007	64.3746622149171	13.1906498573517	16.8735412226735	7.46715194180046	10.3969686321967	16.1230380207758	6.97592557264941	10.7447098303246	54.0265910954987	5.02134016781449	77.0878445753556	6.60957634525687	4.42311470918279	5.14294445796228	16.3574809573497
ENSG00000226363.1	rest	ENSG00000226363	64.2129289905642	12.9906287780612	16.9019135543347	7.56223403648651	10.5750802920146	15.9079433620204	6.96554795081244	12.0807662525208	53.8747833325814	5.08758085341209	76.9079803604075	6.19648785873557	4.19955707505459	5.20301615629383	16.3721466324067
ENSG00000226381.1	rest	ENSG00000226381	64.1572094049504	13.1927725056361	16.9898260496993	7.51125799449384	10.3295787566079	16.0811520061693	6.74921151164073	10.8377858848163	54.0216663075139	5.3160853151684	77.1147918311211	6.16317298657949	4.53464728816777	5.24037033391803	16.3756583818665
ENSG00000226453.1	rest	ENSG00000226453	64.4233766904409	13.1373993580237	16.9174756904414	7.45276626189526	10.3099520143034	16.1422062702682	7.14903300293128	10.7695420328981	54.4857639470074	5.63049555548757	76.9401448819919	6.19620435786911	4.4425910272084	5.22393077326174	16.3265706022606
ENSG00000226752.1	rest	ENSG00000226752	63.8914400852024	13.2810133260106	16.990021426654	7.59082436326374	9.90590571888436	16.1788795699254	7.03936720011456	10.7798718921443	53.843829229163	5.31317944377838	77.221465489196	6.08243319593575	4.46042640243714	5.23071778231896	16.3325014280217
ENSG00000226779.1	rest	ENSG00000226779	64.1385499934048	17.4511191271411	17.7765840688301	7.57562259674837	11.0945443896476	15.432781209036	6.99041836855808	10.8616806190481	54.0855718535412	5.30772867032123	77.1549201139352	6.05760533555065	4.52481293884115	5.21940470727109	16.3597672500387
ENSG00000226900.1	rest	ENSG00000226900	64.3931538470404	13.102056606972	16.8907309682096	7.51741237106948	10.4290691812778	16.2358164753188	7.09096902166788	10.7407668154593	54.4059719499001	5.51668281128137	76.9931071714205	6.14811541429904	4.43365779992364	5.20159976373819	16.381935246994
ENSG00000226950.2	true	ENSG00000226950	52.7802819312073	8.96128186763296	37.9682176807747	8.89633445433033	11.4306409130631	15.0485812460114	4.63157658644982	15.5522026020818	54.6406356716719	5.74252806542788	75.5617215832727	5.16566613414468	3.98164438067715	5.1464423934921	15.3705454408571
ENSG00000227036.1	rest	ENSG00000227036	63.5176906907954	13.1181084864297	16.8788519502403	6.30907859560181	10.446923913953	16.1117454915889	6.94393354357937	10.5474178211936	54.3782650319176	5.11185292563618	77.1951506309147	6.65802309826164	4.44853765839646	5.23763365828223	16.2574392718962
ENSG00000227280.1	rest	ENSG00000227280	63.4385477537219	13.0913041338944	16.8755978376037	7.64573031737104	10.4924688702801	16.5424019325133	6.71709780683939	10.7597301753219	54.0274059308724	5.38308349969303	77.2086614420896	6.13107422619321	4.65268046232969	5.28165621628583	16.3883813731635
ENSG00000227502.1	rest	ENSG00000227502	64.4811744809231	13.747073290828	16.9885686941841	7.47150172570763	10.5043908258178	16.0392930592268	6.98337218530939	10.7699972079491	54.170755621353	5.37495453614348	77.0351315833917	6.18570974285859	4.45358321042519	5.20349346075771	16.3551094199324
ENSG00000227627.1	rest	ENSG00000227627	64.16370407906	13.3448973463479	17.0241741290288	7.56746755329872	10.0141739221606	16.2305336765935	6.72529138861642	10.7681080102528	54.0122860616578	5.40943799695919	77.108012085971	6.1745813331784	4.47733099293714	5.16976657771773	16.3507427564183
ENSG00000227674.1	rest	ENSG00000227674	64.5253501203972	13.3401114501241	16.9021052023406	7.46693386650498	10.3543189843257	16.1227744350411	6.86716476160571	10.763320706126	54.0526932972756	5.34369842778138	77.0677368497943	6.15621504737593	4.4457796686207	5.19315010947754	16.3651517215451
ENSG00000227681.1	rest	ENSG00000227681	64.4349794475352	13.1841682125204	16.8910854312274	7.52604468829982	9.97417433352432	16.1993486259417	6.70907230556549	10.8175584601181	54.1552190163299	5.49330488412069	77.0604444051431	6.19424758102123	4.46927553479687	5.17860651991816	16.3415702234276
ENSG00000227932.1	rest	ENSG00000227932	64.4449197545902	13.2017294143468	16.8912578736687	7.53172548228197	9.91477194898015	16.2141986041072	6.57554590964017	10.8251830512537	53.9978932915867	5.42302801743636	77.1227154214249	6.19154016140707	4.47647808328507	5.16819878222666	16.3575227726381
ENSG00000228223.1	rest	ENSG00000228223	64.1426045776512	13.2012192785568	16.9336457036891	7.56860589818078	10.053000081646	16.0697322766758	6.83632159785981	10.6830806420692	53.8986130607791	5.22352826597417	77.0159202716633	6.05511388553726	4.41647465733793	5.19106249181359	16.3957229307848
ENSG00000228327.2	rest	ENSG00000228327	64.0520275769957	13.1834250789549	17.016983997127	7.41253380170813	10.0833975430884	16.2355423394429	6.85531713398844	10.8264047707562	54.0599893008248	5.49394393214931	77.1977136167623	6.23698197814806	4.4643953323018	5.21452220895355	16.345511478984
ENSG00000228474.1	rest	ENSG00000228474	29.9057364837456	9.89579515200677	17.0077074305771	5.92925452008627	20.0232209042183	14.0500861438226	2.74028292822876	16.8533645990722	51.0512535852386	10.6286149978708	71.8750414592894	5.6849034079431	1	1	21.3236431567408
ENSG00000228682.2	rest	ENSG00000228682	64.5458835006788	13.5068325133282	16.9295724054642	7.45518257315453	10.4900258660595	16.0848001520502	6.88215040285723	10.7582244805008	54.0057959870581	5.30252971284893	77.0921388841314	6.15787708254278	4.44769987691252	5.19546613604869	16.3702092831202
ENSG00000228709.1	rest	ENSG00000228709	64.298806025678	13.0220909041615	17.3771481745375	7.54913845086265	10.5116750018424	16.5149780773025	7.10823024532833	10.7787934639344	54.400509763365	5.47635009015944	76.9319477476167	6.22010782669332	4.39383818953322	5.21125737999503	16.3261001442536
ENSG00000228989.1	rest	ENSG00000228989	62.7550794229849	13.1753399609176	17.2987989760308	7.87256339313636	10.2430433497691	16.3098590697705	7.4274755690143	11.1748426338759	55.0997727032062	5.49756340489283	77.1087444164575	5.94685388870685	4.30959009364922	5.17346018144659	16.4153343875479
ENSG00000229124.1	rest	ENSG00000229124	64.2904315681135	13.3300068515787	16.9270522181074	7.36934512874569	10.1997481781988	16.1220495269453	6.74484525859004	10.767575039421	53.9573928085728	5.38120965776005	77.133002350779	6.17502354489072	4.47127937719965	5.18150069946451	16.3675144988229
ENSG00000229152.1	rest	ENSG00000229152	64.3763549564131	13.5111450960469	16.9732788461844	7.51606982091487	10.2320007106331	16.1306964571961	6.84987942455153	10.7481216535231	54.0045433600389	5.28245122037438	77.0578528493186	6.10176430309775	4.44815883381133	5.21031931394837	16.3312008402815
ENSG00000229205.1	rest	ENSG00000229205	64.4172979800995	13.2130873200216	16.8997195087006	7.5484488926263	9.82241855437952	16.2224612690898	6.52327851296909	10.8486948093928	53.9982194629905	5.44391201233561	77.1272778926422	6.19631115931957	4.48147780223575	5.16394622312428	16.3549801815688
ENSG00000229308.1	rest	ENSG00000229308	64.184485480444	12.977538733984	16.9020737615982	7.57464359581761	10.5906614143959	15.8762198144674	6.96127347940372	12.2054213858676	53.87132129972	5.05967739236124	76.8782853316188	6.19764709871398	4.17544779015427	5.20509644987533	16.3724959136076
ENSG00000229656.2	rest	ENSG00000229656	64.2390182214716	13.1240295100604	16.8502931427342	7.21729280422853	10.3630093975984	16.1077160894393	6.92049058248798	10.6015133939766	54.0999477876221	4.92283729350422	77.073639834102	6.73694698778847	4.37227093537295	5.23728456723416	16.3690021683632
ENSG00000229807.3	true	ENSG00000229807	62.2460951418123	17.5529305998682	17.587191372305	7.09251713443646	10.4399867666019	18.6950935120486	6.50792974480623	11.0967170528064	53.7599678212755	5.67638046279609	77.0744975416581	5.97700759688699	4.31608474805774	4.84165980599135	16.3389611197204
ENSG00000229874.1	rest	ENSG00000229874	61.7008635357257	12.6517455172796	17.4286316104348	7.56653405168624	11.0615981636682	16.0733288570736	6.93635701321906	12.4285880732957	54.0239054812413	5.06283924227703	76.9155193095175	6.06441338307123	4.41520094764884	5.2486120733179	16.3641294717788
ENSG00000229953.1	rest	ENSG00000229953	63.4232474182383	13.3224429724229	17.0078215181806	7.61343251285996	9.26151874358235	16.8220279690318	7.35875064765033	11.0844695534277	54.7307794726684	5.63046923977939	76.5403350999889	6.21650118476323	4.80268899327706	5.04456868744033	16.2147795036039
ENSG00000230074.1	rest	ENSG00000230074	63.6893567332098	13.1204954245384	16.7921696423304	7.23132766042751	10.298073592979	16.2304915093147	6.56712016798071	10.6353398618016	54.0555084384236	5.351098040838	77.242798532766	6.16645487975488	4.44260466242774	5.21993825324299	16.2969491496618
ENSG00000230257.1	rest	ENSG00000230257	64.3056887008415	13.2362352190134	16.9296237565203	7.60795429322732	9.55711790282166	16.2357300576495	6.3734656938199	11.0092281015411	53.9902989507598	5.49081311606638	77.1262660535224	6.21339107175991	4.48353134052284	5.15406683583427	16.3458474289225
ENSG00000230724.3	rest	ENSG00000230724	63.9040808916057	13.0608787797257	17.5900553319242	7.38405880466414	10.1210233898362	16.3398840458073	6.69989126261845	11.1958620172259	53.9704690150002	5.46751824596336	77.1999692568261	6.22814193412599	4.34522014730062	5.28945636210462	16.3558413810817
ENSG00000230910.1	rest	ENSG00000230910	64.2968664103781	13.2477643828974	16.8130355697093	7.50278722724836	10.5249457936875	17.1048277089708	6.96093434599998	10.8297790282411	53.9400155958417	5.26808383781242	77.123842707306	6.12255410051192	4.41492439295964	5.196171912365	16.3505364136517
ENSG00000230937.3	rest	ENSG00000230937	61.6057532509108	12.9129589829192	17.187223571346	1	10.7742612668824	15.7873101458744	5.70125719733127	10.5519477668992	54.5047188877636	5.26461120169681	77.3309774110988	5.84944200552873	4.58498354876312	4.57346902252558	16.12170826326
ENSG00000230952.1	rest	ENSG00000230952	64.378158282819	13.0812695758489	16.9047421323443	7.48611610404357	10.270764968438	16.1363672954138	7.53547994383401	10.7912271049451	55.175516726886	5.96080116044228	76.665205644396	6.21396729658034	4.41508164059442	5.23226451725126	16.2702894928616
ENSG00000231106.1	rest	ENSG00000231106	64.2572497235056	13.1105970581104	16.7380500713662	7.58151981689217	10.5754746114836	16.0566660634235	6.79767923621627	10.5411161285594	53.701573900632	5.64662374718565	76.768841091225	6.28684195156595	4.09268964663309	5.01399374243425	16.5465962043802
ENSG00000231216.1	rest	ENSG00000231216	64.5740662605014	13.1422040166341	16.8514101063615	7.45054471425318	10.3913653647901	16.1534247795928	6.84493966622713	10.7543233104543	53.9925641721679	5.30857794702042	77.0921258267634	6.16841481582258	4.442224010151	5.19036083234299	16.3705025851061
ENSG00000231698.1	rest	ENSG00000231698	64.3371066819286	12.5654470948174	19.1934874142086	7.74673309606682	10.8144575001257	16.2521450041574	6.5883746897618	10.4995088201338	54.0032034573676	5.31697089867857	77.0799906457301	6.13625202544078	4.41917841183835	5.20591376420673	16.3493543249091
ENSG00000231789.1	rest	ENSG00000231789	63.7413874507512	12.9906909035832	17.664792301075	7.83406790749151	10.3795550812385	16.5364773451209	6.7060541415797	10.6650081113878	54.3508068379509	5.42863524156711	77.1474713542951	6.16053787217917	4.62347924310078	5.20051873710187	16.279944482542
ENSG00000232093.1	rest	ENSG00000232093	64.0457321576917	13.1307872379876	17.1076280942562	7.37110897462076	9.83948385258766	16.1118571665914	7.15520797151752	10.6991465556908	53.8344181751268	4.93741398316574	76.8266170563107	5.87854924914134	4.45228237126973	5.13379669838161	16.3910984462929
ENSG00000232151.3	rest	ENSG00000232151	64.0211944784912	13.3808946473621	17.0197667743297	7.29091650243254	10.5118248553765	16.0955138349591	6.87132741423172	10.6405118317994	53.9789947343448	5.32781265646512	77.1459609103071	6.23810054601394	4.45310074803629	5.15263889146062	16.2668815055838
ENSG00000232271.1	rest	ENSG00000232271	64.3827337179947	15.0971332183393	17.2698699755295	7.50329484495835	10.734378489221	15.821806966416	6.92410529497916	10.7994750180634	54.0341913477702	5.30292803216907	77.1183379017173	6.11729247137386	4.47943452031122	5.20530125312022	16.3661205962024
ENSG00000232274.1	rest	ENSG00000232274	64.242809137335	13.2043298656487	16.8536763680422	7.52494689235608	10.3171504155469	16.4644092803368	7.14380582953623	10.6799991546558	54.2890640638381	5.12077973626349	77.0177734124142	6.70635732043514	4.41219217247258	5.16117257923324	16.3241633747592
ENSG00000232301.1	rest	ENSG00000232301	64.4801194068926	12.8901960008107	17.8506682631518	7.57286700941297	10.5963956739544	16.191789021407	6.74876862420642	10.6408527092994	53.9970706727244	5.30612385361466	77.0852331979148	6.15397730116601	4.43071223695075	5.19809125141433	16.362281131821
ENSG00000232324.1	rest	ENSG00000232324	64.5289364098046	13.129653435955	16.8542593787486	7.45527647155147	10.3896772952416	16.1382002736937	6.95640035724715	10.7190290237727	54.0918714260248	5.25968145538157	77.0411386877642	6.26004733999582	4.43122594953484	5.19139084282908	16.3649101002414
ENSG00000232388.1	rest	ENSG00000232388	58.1494677196399	13.4691966888946	17.1323372058469	7.58001786494104	10.8775815380915	15.9272931844564	7.37617317632477	10.1227200943022	55.3845085263538	5.54399296031391	77.2344620357418	6.80632720476074	4.49046879063627	5.05359801172904	16.9548909488638
ENSG00000232445.1	rest	ENSG00000232445	64.0978728179017	13.0719696471325	17.3587893663175	7.04205742488809	10.2262936182238	16.0972996200499	6.99533775048843	10.6069173877523	53.9885460953749	5.14375797392343	77.0392849683479	6.14250744412293	4.43948838185702	5.10249207125788	16.3473164746698
ENSG00000232527.3	rest	ENSG00000232527	62.9769340575422	13.0802373218397	16.6712380969582	6.93080103612438	10.7642284497807	16.0671186028847	6.68926536467865	10.8012129226284	54.1953617420813	5.44198057260745	77.06280872494	6.24006426400728	4.45765519810989	5.60512317432548	16.3311926340973
ENSG00000232533.1	rest	ENSG00000232533	60.0881367847336	13.4008164534074	16.3690369067573	8.14900960636326	11.7435333016739	21.1198232377124	7.25253622967796	11.2276303040078	53.8533940559308	5.07699366760429	77.2919890721632	5.75008069857283	4.58592110426232	5.21715070579773	16.374699773721
ENSG00000232774.2	rest	ENSG00000232774	62.5961005585091	12.7707721316836	16.3696101787355	8.03789988282338	11.2832225159833	15.6592384896309	6.86313725090832	10.6286161035248	52.3430036501904	6.23198159182421	74.6767890154165	6.71182881678788	10.2101735685223	8.06883114523253	15.9166588500706
ENSG00000233016.1	rest	ENSG00000233016	62.4671991643878	12.6584983564645	17.8304264933521	7.59024390066963	10.6580333078719	15.6122966874207	7.22431254086919	12.4659825614309	54.0682874765358	5.08328660301899	76.9567106239595	6.15316896843812	4.50356168013064	5.1749605347797	16.454771134584
ENSG00000233098.2	rest	ENSG00000233098	64.4042108624632	13.1449940227042	16.9806426884402	7.50873407597333	10.397283354822	16.5034929178611	6.9057973121443	10.777742796299	54.0919788887942	5.38095077487408	77.0548426136798	6.16025128176605	4.43865981174283	5.19829538408386	16.3522354079384
ENSG00000233137.1	rest	ENSG00000233137	63.0468564758256	13.6447145843969	17.1084237039152	7.55699514355864	10.3712599719029	16.0718256105278	7.05378005224136	10.5950020848851	53.7659971458299	5.41805808328381	76.8827656499247	6.26937094803926	4.34727900981582	5.16646766877759	16.3583352554498
ENSG00000233236.1	rest	ENSG00000233236	64.4764313132177	13.4117101138531	16.9250313065507	7.50405784015833	10.1547079845445	16.1472860253673	6.69725885387347	10.8008544807566	54.0008472274019	5.37462887401076	77.1130867863396	6.17582829243819	4.46656357865925	5.17914832358622	16.362527332946
ENSG00000234147.1	rest	ENSG00000234147	64.162281928453	13.5568342483084	17.0018697729829	7.61008516007467	9.67291595344781	16.3021339532643	6.81203488463755	10.8316491918388	54.3345888841513	5.60530206238451	76.908859667307	6.09798938850477	4.45052273588162	5.18534022375716	16.3402963693733
ENSG00000234160.1	rest	ENSG00000234160	63.9696215809372	13.2458416067127	16.9656255815128	7.34571076472447	10.1307312629431	16.1111694369043	6.81528210589704	10.6836798799739	54.005315774814	5.25147885059471	76.9715496993829	6.12427762868477	4.48641585250409	5.21642805988852	16.3481459907177
ENSG00000234327.1	rest	ENSG00000234327	62.7581329636094	14.0426221431426	17.436815058839	7.71949389357102	9.41102838880311	16.0982972263771	6.77801496529401	10.806786930027	53.799910237418	5.18141783282122	76.6946465268846	6.12353539936353	4.79397710845577	5.22909674197804	16.3694752290947
ENSG00000234431.2	rest	ENSG00000234431	63.2546444571847	13.4283020524658	16.9513912265946	7.0515955224359	10.5594991414905	15.8133804516292	6.74668483159209	11.6964170614665	53.9273790794595	5.42299889594587	76.7667432788949	6.25848945643788	4.56171062843378	5.42902169425148	16.3731559355817
ENSG00000234449.1	rest	ENSG00000234449	62.3740629538035	13.7050742674645	17.4617099215492	5.53924092581635	9.95858003850024	16.6633254845601	5.95454877982553	10.8550477555397	54.0282417669638	5.66027120229905	77.122489045089	6.23389977133445	3.82347577055463	5.97843255570073	16.3410932980723
ENSG00000234456.2	rest	ENSG00000234456	62.9777963735943	12.9724572545561	16.4308475887814	8.05606594847155	11.0504065709243	16.1118999316316	6.75681108731829	10.6165076955523	53.6779310139628	5.98897808329152	76.5811356362774	6.19831518741154	3.74164569870628	4.95192900597539	16.4073420369337
ENSG00000234722.2	rest	ENSG00000234722	64.386037835386	13.2306773673387	16.9098147065593	7.56878723338014	9.69827380194432	16.2395819819719	6.45289398416869	10.8571499831291	54.0000871206937	5.47551656006878	77.136288362461	6.20218324047026	4.49173290246229	5.15793945916468	16.3517551534673
ENSG00000234741.2	true	ENSG00000234741	60.3978765319288	13.4876936557207	18.0368580027398	7.28127114053162	8.54445473308328	16.1755851655244	6.94303312021204	10.8328523996224	54.0250630654537	4.76379291427547	76.9077247989671	6.5506677648985	4.45949156008691	5.09189216134293	16.2661706983905
ENSG00000234883.1	true	ENSG00000234883	63.3358623505328	24.0714274863402	19.1750002607929	7.83201610037102	12.1566954026433	14.2917095310643	7.15447133484662	11.0379865752783	54.1978802655299	5.34658975761506	77.2447225974669	5.87760481473384	4.59637056301199	5.25534232027719	16.2170969395488
ENSG00000234978.1	rest	ENSG00000234978	64.1118162756941	13.3426168099041	16.9222056646567	7.59681859103049	9.53002492547561	16.4021767823222	6.42904082815943	10.8616622163387	53.9484603889956	5.52019329401117	77.1490684270922	6.2542515689451	4.53793420639697	5.15708102099069	16.3005075397975
ENSG00000235106.1	rest	ENSG00000235106	62.6361111469731	12.9822044265502	16.8308516813884	7.34026044178707	10.8983412098414	16.2924751531404	6.83156297373837	10.6491659732436	53.7191428297123	5.54517285119162	77.0604177529653	6.1037660089653	4.53201732963855	5.11804816291514	16.4688941551519
ENSG00000235123.1	true	ENSG00000235123	63.5617012916416	12.8585653089755	17.5298460453764	6.92020123429422	9.16790722355143	15.4799599623109	11.0275285580542	11.0507654901781	51.3382975036459	7.79441910592858	81.3085864070999	7.14328292135074	4.81370764761984	5.246432520304	16.4481812600493
ENSG00000235152.1	rest	ENSG00000235152	64.5362153863652	13.0195956320402	17.3146009496193	7.5038700608234	10.5099010547933	16.1672689574218	6.81266412460104	10.6981896240266	53.9937259659887	5.30276175144733	77.0864721540006	6.16084129927876	4.43429865908931	5.19460423102547	16.3678593401302
ENSG00000235162.2	rest	ENSG00000235162	30.1748640490608	12.3079787127589	9.63712337146553	14.9514990228961	21.4814255973103	7.67195621200362	1	1	56.0668733201688	6.56644942109292	82.8046436006306	3.28909843018012	2.67839377205558	1.34680059699	26.0190317660717
ENSG00000235335.2	rest	ENSG00000235335	63.8086293654379	13.510456421067	17.0907880550402	7.93055127031601	7.58427158805332	16.5083719772457	5.25928414625025	11.1729258108688	54.0263207655536	5.98467898742739	77.272420678517	6.30381263965268	4.64385653866028	5.0598990772976	16.2928030755582
ENSG00000235385.1	rest	ENSG00000235385	64.4328433955721	13.1975083146314	16.8237773444187	7.46346574775849	10.5091543544815	16.6113381654978	6.92752229569268	10.7907202148464	53.9584328175898	5.28405929339151	77.0956558194684	6.14741264903512	4.41824182740183	5.19190520852003	16.3639516364005
ENSG00000235398.1	rest	ENSG00000235398	63.8963427396911	13.4271889256058	17.1561380107496	6.99675959028223	10.4737432468018	16.0482933410742	6.82807050228722	10.6514859028046	53.8943669099823	5.43177764053433	77.1529084469657	6.21578026681991	4.553396830449	5.00677060782424	16.1945250715637
ENSG00000235576.1	rest	ENSG00000235576	64.0191386381757	18.6031154973313	18.0247972136298	7.61089476846052	11.2691176086939	15.2428005460826	7.02219906648339	10.8924863275976	54.1100961614541	5.31078295592929	77.1720078690068	6.02893965466259	4.54760712623474	5.22659216225766	16.3559621669258
ENSG00000236094.1	rest	ENSG00000236094	64.494107711656	13.0152989905443	17.3073511129216	7.52391096621371	10.5283395391681	16.1581797306547	6.80483141840946	10.6806442520975	53.9757787283582	5.32742437426322	77.06657079629	6.1645507146961	4.42661746725301	5.19068087854953	16.3744547906747
ENSG00000236455.1	rest	ENSG00000236455	64.316623244218	13.2808592941143	16.8942803449119	7.49207325623289	10.3529692821518	16.2442042774817	6.83300207697471	10.8457531536545	54.0042208251203	5.30087334443777	77.1280636288423	6.16987395871483	4.43507718417314	5.19033405941937	16.3735415925421
ENSG00000236537.1	rest	ENSG00000236537	63.7284310877148	13.1755345011694	16.7950760825905	7.25432134698876	10.5276653395331	16.2878196702134	6.90506271122108	10.692139589279	53.8998655987957	5.52769677123356	76.8846001418858	6.27095877809324	4.79713159104932	5.43583611254577	16.2955112847108
ENSG00000236609.2	rest	ENSG00000236609	63.8944841371738	13.2009992725625	16.8537889715528	7.68010792539423	10.708687632202	17.3657120435002	7.11544037183204	10.7957237969732	54.1831202236521	5.33177281317409	77.1100688956062	6.09343514299734	4.52032818281711	5.28591949544876	16.1632788612774
ENSG00000236618.1	rest	ENSG00000236618	61.6561160949387	13.1164801584199	17.6057734488831	7.30175198765826	10.3197630479653	16.5381546732941	7.38764477982114	10.664367494685	53.8818961408171	4.97826694839096	76.7894545933519	6.75957102212573	4.82574542777674	5.30006341025113	16.1600316492605
ENSG00000236673.1	rest	ENSG00000236673	64.4080330273406	12.7267842581074	18.5261192339867	7.66039982771704	10.7062300635499	16.2220646156722	6.66798722360553	10.5701657574157	54.0000513863714	5.31167584657782	77.0823517345107	6.14490086460622	4.42487094319337	5.20205942847699	16.3558082039355
ENSG00000236810.1	rest	ENSG00000236810	64.0074170157101	13.2223768083053	16.9796557353709	7.46759629716711	10.0044422344541	16.2327230503392	6.84698921988318	10.7663634829756	54.1029004165329	5.32001378667008	76.9864003738032	6.01631983723787	4.43768538435088	5.22308660702557	16.3709541691848
ENSG00000236933.1	rest	ENSG00000236933	62.7052836820178	12.8123361255427	17.2091418240033	7.67045882886823	10.7918517446745	16.0233171020781	6.91301893757752	11.8667838615289	53.9983269887503	5.09555847933923	76.9059677535643	6.07860011761177	4.61531981883946	5.10939983137026	16.3703837694348
ENSG00000237125.3	true	ENSG00000237125	64.2145350199627	13.2700524308468	16.775409904596	7.52415076449374	10.5974022570485	17.3262552978004	7.00086070969	10.8385403856782	53.9410223829185	5.2426569124604	77.1481453514086	6.09640559630234	4.40906269653103	5.19794399560331	16.3580924733272
ENSG00000237181.1	rest	ENSG00000237181	64.379794061743	13.6205749675059	16.9760181900278	7.53845102091225	10.1551071800037	16.1190875035354	6.68158750738642	10.9384327343834	53.9819544347304	5.37773876813934	77.0826671180999	6.18003610334455	4.4989952771411	5.20245006182517	16.3555348933517
ENSG00000237188.1	rest	ENSG00000237188	64.1083530337645	13.1625106860121	16.8170774367037	7.5019463393166	10.466201992229	16.176658835908	7.0517604570127	10.6624120031679	53.9073863662466	5.4813704553554	77.0941391013566	6.21656879562265	4.37942247452635	5.18231170074461	16.3624284654123
ENSG00000237298.1	rest	ENSG00000237298	62.7224663335748	13.658389354186	17.1103565600019	7.22206149272894	10.380717646868	16.2257306369759	6.54952762515845	10.9592063059349	53.788810180272	5.65164838405902	76.9510829796699	6.32843018779898	4.2156632406393	5.24641689588483	16.5579559751196
ENSG00000237311.1	rest	ENSG00000237311	64.3755311502379	13.2354639534271	16.9132352427256	7.57546756646393	9.65795525515068	16.2448513755912	6.43030300000286	10.8633481768307	54.0008399674636	5.48476550379441	77.1392189771175	6.20399653604771	4.49498510239283	5.15627038089497	16.3504515398129
ENSG00000237372.1	rest	ENSG00000237372	64.5261398266487	13.6342551158025	17.0018527294284	7.46535320914482	10.5207141604779	16.0631115781261	6.87763528836009	10.7561855248667	54.0011530506872	5.30132995603909	77.0933251191347	6.15405475205854	4.45750293067274	5.19999639470741	16.369342650794
ENSG00000237429.1	rest	ENSG00000237429	64.4935550767956	13.1684902043276	16.8852308420836	7.48793068414373	10.2057099292687	16.1683384827016	6.74895811597125	10.7716277573136	53.9976633679892	5.3633648739281	77.0845025146375	6.1736289376296	4.46704213772015	5.18190990392465	16.3660490810327
ENSG00000237643.1	rest	ENSG00000237643	62.1304587194383	14.3211071796368	17.6183873404557	8.97259663545592	1.45029360773965	17.2833482875337	1.79352546706097	12.0968063430657	54.0987678593454	7.45899759607556	77.6654293354437	6.60083044941338	5.08493073047279	4.7722902616235	16.1216088608483
ENSG00000238178.1	rest	ENSG00000238178	64.4916056738422	13.2262069208647	16.8839828770223	7.49661354225207	10.1545317769373	16.2100448246102	6.70914123403082	10.7950482650516	53.9949618523364	5.36737564116557	77.1097162967077	6.1777092184051	4.46017904280929	5.17929108351378	16.3628623336781
ENSG00000238227.1	rest	ENSG00000238227	62.3376063744964	12.7933700563296	17.4015849375809	6.94404283669234	10.7651713374228	16.0935716716498	6.75432031305226	11.2849411444662	53.8412845504617	5.21104702154346	76.8720636827993	5.96614238476398	4.71780646691101	4.87851256361267	16.5083424108054
ENSG00000239906.1	rest	ENSG00000239906	64.160923591848	13.1890746504477	17.0198937266194	7.51384795576379	9.99832446869889	16.3624409267972	6.65126655535399	10.8120560964111	54.0354717288453	5.38894007066984	77.2784092613974	6.16058472025454	4.46982472271052	5.21109678143663	16.4250998688683
ENSG00000241860.1	rest	ENSG00000241860	64.3349139919929	13.1723357962566	17.0414624744571	7.47524651625152	10.1634983596092	16.2376831097724	6.79403231712	10.8184279509162	53.9831698166139	5.39820308452953	77.1875678101156	6.2010368960124	4.44019323010462	5.2062474529119	16.3570871169036
ENSG00000244342.1	rest	ENSG00000244342	64.5355897053867	13.017460092735	17.3258592438719	7.50497329634397	10.5114145090691	16.1689545830832	6.81180278141548	10.6969834588376	53.9944867465195	5.30216464277129	77.0873763802264	6.16048810495558	4.43509719144081	5.19508134227386	16.3673153284673
ENSG00000244879.1	rest	ENSG00000244879	64.1200991195998	13.2845369395093	16.9722379258602	7.51355872831316	10.0888913818481	16.1512366867642	7.13555910896318	10.7111493405788	53.923206383171	5.33629159816244	77.1068264710725	6.1242371637604	4.47854363991159	5.23864389713371	16.3402301394639
ENSG00000245532.2	true	ENSG00000245532	55.2392345185192	14.7202080753936	17.2203838080347	6.26808575828096	7.42264917353518	16.9190612211247	10.2443797153366	9.86280343203179	52.6740490908889	2.5162281289488	77.495341443308	5.14440631668391	3.33621957635199	6.11285613830173	17.0367729847058
ENSG00000245694.2	true	ENSG00000245694	64.1065102992329	13.2224771948693	16.8863162162311	7.44416030146346	10.1411220960277	16.1346280310066	6.97640775470795	10.6938318365667	53.8900482946766	5.20975431543016	77.1640546878863	6.26810812658011	4.66774179650218	5.28715267410429	16.4344794327955
ENSG00000245910.2	true	ENSG00000245910	58.7806124580236	14.6486506456414	17.0505994107922	8.65884811755994	8.3672035843959	16.0916239802583	7.08832819697236	9.63043506384198	54.2444481016972	4.41700118650944	77.4826231950319	6.97268338858606	3.94693410772474	5.11414809973906	16.1503653485754
ENSG00000246273.2	rest	ENSG00000246273	63.7403828267114	13.0401563267484	16.6138341904979	7.83541681653768	10.6751313735151	15.9199426494941	6.75431021854937	10.4452561389633	53.9204002695098	5.41129877285559	77.1078062231478	6.03383803440878	4.44162547784549	5.25133346954143	15.9626164513968
ENSG00000247092.1	rest	ENSG00000247092	64.0038985008997	13.2058241235028	17.1995458747317	7.4958358117096	10.1495081757225	16.1259702442044	7.03256545021419	10.8895870804277	54.0704586251364	5.38445888608245	77.0625966991906	6.1871275346457	4.46799761554887	5.16616667846543	16.3322780157964
ENSG00000247240.2	rest	ENSG00000247240	63.9023396509672	13.4179811575639	17.3162597787745	7.36533822079194	10.164504835265	16.1271498321783	6.87299079999292	10.8793665731237	54.0047074948048	5.4287456309531	77.155367257587	6.13398619996501	4.53247671829996	5.17152300459031	16.3757224833666
ENSG00000247271.2	rest	ENSG00000247271	63.4522424858647	13.2068941578921	16.8590172149112	6.94087983671035	10.5456804641763	16.3806433459578	6.81286614952242	10.7707511387433	53.979790260128	5.22976419081058	76.9947407081153	6.41570429640015	4.42849244340563	5.1881606066774	16.3129156095156
ENSG00000247516.2	rest	ENSG00000247516	63.8854796188358	13.1357037661007	16.8823800350644	7.5189205118388	10.0467636291673	16.3276367002836	6.92776285125513	10.6688754042031	53.9523776745454	5.16746824275049	76.9589659844246	5.92385640747097	4.45914276604972	5.25812777994517	16.3210147020795
ENSG00000247556.1	true	ENSG00000247556	62.8016548313542	13.6701785650066	17.4023304398248	7.38183989674493	9.97653072140126	16.0213427632258	6.8387805824785	10.6334200708827	53.9384553850155	5.34332401351033	76.760727975314	6.17894463160985	4.63889796320707	5.25821490973717	16.3361211552459
ENSG00000247844.1	true	ENSG00000247844	62.282794074913	13.1279160635434	17.6373056540791	7.44653333614159	6.23310893341013	15.2614416712595	11.8168524321407	8.61447580644281	52.7016948117992	1	73.2762546242579	1	3.44093126406818	6.06155347141079	16.8621874048503
ENSG00000248103.1	rest	ENSG00000248103	64.4175765337372	13.1587814738313	17.0108008962127	7.51729292227525	10.2907263913439	16.490231166615	6.77719833398165	10.7875515776189	53.9859751698551	5.34551296509945	77.1103584580775	6.16118124374288	4.44256324215927	5.18518563962262	16.3563291847546
ENSG00000248329.1	rest	ENSG00000248329	64.4821640650988	12.9545385517927	17.7906285493472	7.56531959017291	10.5923838015353	16.1804622092883	6.7588750335302	10.650826217061	53.9973001568038	5.30586876805649	77.0862000235851	6.15365355764936	4.43252826573844	5.19823796171832	16.36279300258
ENSG00000248596.1	rest	ENSG00000248596	64.5324471558613	13.1550367656471	16.8638132891376	7.46664864491176	10.267050556587	16.168213103397	6.77663902369174	10.7713487074404	53.9965322611237	5.34218161034887	77.0973955973859	6.17620122954255	4.4553815745484	5.18872165792571	16.3667453543979
ENSG00000248810.1	rest	ENSG00000248810	64.4734144131386	13.1588945639638	16.8608842550985	7.51100407243403	10.1859951418575	16.167644542474	6.71225765937357	10.7951712389176	54.0123265963573	5.34923461294579	77.1306441471729	6.16232177120639	4.46260960850337	5.1787764869183	16.3885117315369
ENSG00000248890.1	rest	ENSG00000248890	63.9136547699671	12.9249557949771	16.9001252614394	7.61059356130475	10.6834847486444	15.7466430405841	6.96369244734934	12.6589528643489	53.8366332224197	4.97646146735245	76.8230753930632	6.20875007012716	4.08387581770047	5.2115152034833	16.2966998083981
ENSG00000249069.2	rest	ENSG00000249069	64.4911824509347	13.354292559241	16.9107265265791	7.49654109514407	10.1811488093849	16.1515853144542	6.71554598836946	10.7941950912605	53.9993148329722	5.36596579627364	77.1101673588787	6.1759851846756	4.46302776705744	5.18039604515218	16.3636348780305
ENSG00000249152.1	rest	ENSG00000249152	64.5627658408381	13.0778583931408	17.0743968529013	7.47235523230079	10.470461212704	16.156784200509	6.8415233845027	10.7233697629971	53.9933259700226	5.30017781176444	77.0882698343051	6.16366258054846	4.4372799543291	5.19361496713759	16.3697677775111
ENSG00000249430.1	rest	ENSG00000249430	64.4112269426826	12.8815153261613	17.8545706491798	7.60421494667617	10.6214057432452	16.2253327715982	6.74730641518052	10.6303856070179	54.0203952492216	5.28902133501129	77.1350943727432	6.13481343200185	4.43824382006873	5.19827264395345	16.3911083443923
ENSG00000249532.1	rest	ENSG00000249532	63.2278465846025	10.0537541947168	29.5846133225426	9.09346510684732	12.5020792164978	16.7199848013841	5.34680907275064	9.40294240891373	54.0522589354048	5.39701604345339	77.0384450918282	6.00159778068543	4.33057138729133	5.26664781027906	16.2487487621634
ENSG00000249572.1	rest	ENSG00000249572	63.9066964254392	13.1060939214188	17.1838005130613	7.51157214737399	10.4245867589515	16.1396222430244	6.97356616410036	10.7685359022734	53.9792236274716	5.25371997208473	77.0334756853707	6.02838094024576	4.47075990152347	5.21457911307424	16.4005081978967
ENSG00000249790.2	rest	ENSG00000249790	63.2434556586054	10.4219773746315	27.9541316925557	8.73436984041429	12.2477223205466	16.5983744793521	5.53535415736764	9.74298357400527	54.0903237527867	5.38914846360311	77.006926454156	6.02595155442288	4.27444827332185	5.3357981854924	16.274544129181
ENSG00000249859.2	true	ENSG00000249859	63.9264735926095	13.2989896761262	17.078328666322	7.43302031947806	10.130544512633	16.0293789386721	7.06059974666586	10.8830179955753	53.8919635184938	5.31167373364455	77.1515383154755	6.2435950962723	4.47089682553421	5.16803863156544	16.3724599052368
ENSG00000250155.1	rest	ENSG00000250155	64.5355204044821	13.604991412207	16.9543011105771	7.45860414554854	10.5050994279441	16.0709770574472	6.88211455950117	10.759580978931	54.0032200001441	5.29961513984665	77.0954686892985	6.15454453666711	4.44884793625205	5.19556527238049	16.3703523488344
ENSG00000250271.1	rest	ENSG00000250271	64.3455388935748	13.1386836779562	16.8477197392629	7.50639348061839	10.3203086859423	16.1202705345236	7.01009641749764	10.5856096146392	54.1111476432282	4.78472549418704	77.068709995262	6.96780532769974	4.42008587657113	5.1405879158587	16.3541712952484
ENSG00000250337.1	rest	ENSG00000250337	64.3359863039506	13.4699579598872	17.0822028733537	7.50738454682034	10.3228352828043	16.0839605854956	7.14553496459572	10.6550644855005	54.2395580020585	5.18617120136533	76.930767376351	6.26709482107282	4.41366726701714	5.21009506556785	16.3541034259335
ENSG00000250666.1	rest	ENSG00000250666	64.504906489294	13.1720895631509	16.8726476153663	7.49416865312319	10.1351869433249	16.1839611724161	6.70005322450248	10.7943997094545	53.995364624877	5.36975982972284	77.1081004884864	6.18105208779474	4.46026467219965	5.17844607336859	16.3636782470335
ENSG00000250742.1	rest	ENSG00000250742	63.1564861599201	13.2390407787837	16.6454227933311	6.88315116926362	10.9526753991303	17.6722634291401	6.84175057571047	10.719633166864	53.8468925260985	5.36139255392766	77.0136111667846	6.04864054584091	4.68708431775923	5.01588528416779	16.5226213420835
ENSG00000250961.1	rest	ENSG00000250961	64.578132156592	13.1340368652494	16.8452201429296	7.44597762105282	10.4376353290821	16.1623905464809	6.87062308106711	10.7512637369734	53.9909547531937	5.29694378316634	77.0907746745028	6.16468748693306	4.43662814013573	5.19267725519488	16.3645791538126
ENSG00000251002.2	rest	ENSG00000251002	64.5111941533139	13.8507264328254	17.0014816499499	7.46536012884313	10.5427860089746	16.0298331318573	6.88880568357255	10.7667624353505	54.0076720594505	5.30042781918885	77.0995862833961	6.14870782324041	4.45449836474043	5.19732771992362	16.369555382954
ENSG00000251129.1	rest	ENSG00000251129	64.216504254541	13.2600483592452	16.937226883108	7.6229702194797	9.45190072900204	16.2375705722546	6.45921650387742	10.8110496944805	54.0264042453564	5.31298881465823	77.1850941873622	6.58612093889234	4.50063224391836	5.12643600797046	16.3402826212154
ENSG00000251138.1	rest	ENSG00000251138	64.4740773741414	13.1843636666368	16.8832184046943	7.51043407601067	10.0443423796999	16.1936109495623	6.65896687867022	10.7997934740267	53.9991438343274	5.37797606572695	77.1133633197839	6.20419478053064	4.46647225841828	5.17364898297355	16.3609489569952
ENSG00000251273.1	rest	ENSG00000251273	63.5275465530857	12.9309605635731	17.0695663749429	7.46545325157408	10.6886044926093	15.9703348329238	6.85422016997546	11.0949311435318	53.5708509404002	5.68110110500197	76.526446432899	6.32135282754451	5.28064743023661	5.31020655010199	16.3117175697489
ENSG00000251381.2	rest	ENSG00000251381	64.3493605630438	13.1709318730247	16.8924878009476	7.22286567782392	10.0771091674377	16.1653689548847	6.66823042905898	10.7591284322817	54.0126329050296	5.33950360114687	77.0916825016521	6.13104316671282	4.38890751630158	5.31198976709528	16.3776692344488
ENSG00000251434.1	rest	ENSG00000251434	64.5253760560763	13.162673114508	16.8663676793236	7.48148368508647	10.2078110292655	16.1751188602545	6.74126925874048	10.7812300386684	53.9946527714784	5.35269912043442	77.103874758735	6.17752406044533	4.45544790632655	5.18181469734246	16.3657018997613
ENSG00000251562.3	true	ENSG00000251562	40.6262320561612	15.1152101803754	15.0650774693409	12.5495985872771	8.84218186073695	16.8326982982898	10.1347130010743	8.15233579142127	52.5590560958111	2.44851980994265	82.9952421702351	4.04112754025343	3.85594975388397	6.2676608112731	14.5941080714224
ENSG00000253196.1	rest	ENSG00000253196	64.4198933259551	13.0919096204836	16.8944479324796	7.47485238659011	10.3024964605313	16.139070094042	7.40449452071751	10.7832947073401	54.9080368668943	5.82486284196852	76.7735770951391	6.20759555452531	4.42155845143223	5.22357523409625	16.2925552964223
ENSG00000253352.2	true	ENSG00000253352	59.6861023366273	13.4135467681184	17.6899213553332	8.10315299037716	10.0249478507417	16.3366073925284	7.75507935237894	10.5198410966216	53.9409361070209	5.7251214264838	76.9855165755644	5.90381644136122	4.41976878916962	5.31301354741136	15.9304243623724
ENSG00000253394.1	rest	ENSG00000253394	64.511407785357	13.1693783080582	16.8707742217305	7.49012356264259	10.1568138130041	16.1815003779658	6.71293470955669	10.7888581177542	53.9949493547508	5.36517568567189	77.1075828731157	6.18007449638989	4.45914432263947	5.17945727583813	16.3642990660343
ENSG00000253522.1	rest	ENSG00000253522	64.0370287884813	17.8419866482469	17.8805187153589	7.60354874926857	11.1382561640012	15.3544052687072	7.12108183869245	10.9510550110236	54.2923689242489	5.41009735874807	77.0784899369576	6.05770187323807	4.51535268789949	5.22888471838237	16.3406046566523
ENSG00000253659.1	rest	ENSG00000253659	64.4429274636099	13.1914842508018	16.8195621956115	7.46874693823743	10.5087613741725	16.6477660125697	6.93312186296363	10.7874388058875	53.9647984249868	5.27525823637363	77.1046002299707	6.14190024743279	4.42433630195363	5.19560365623673	16.3613417592289
ENSG00000253738.1	rest	ENSG00000253738	63.6980575719551	13.2388409483761	16.8629353322123	7.3701727918363	10.2512377656254	16.0531825157451	6.94271749485564	10.6177501004144	53.7471122031464	5.50489685091808	77.0415770609062	6.2295918211442	4.57078484194824	5.26250913787202	16.3291993385733
ENSG00000254024.1	rest	ENSG00000254024	64.5396225400465	13.1201813861268	16.8785386069367	7.41888415020405	10.3752452720149	16.1158195533276	7.06028015611147	10.7614096442074	53.8700794813825	5.4131115672112	77.2834896265504	6.21197860548215	4.45644676654487	5.19476216604694	16.3754684366913
ENSG00000254166.1	rest	ENSG00000254166	64.2694858925211	13.2227530066383	16.9705777712945	7.45340789259292	9.93769564764498	16.0265741584949	7.57059470476124	10.5157199049055	54.0871101932837	4.9411945643589	76.5696925319823	5.58771649457431	4.3262833965733	5.29529280357185	16.4059894314699
ENSG00000254251.1	rest	ENSG00000254251	64.3057808986062	13.0579529632765	17.0337366864328	7.30000711346003	10.0895818107243	15.9668797650482	8.00198607075107	10.8302523652492	53.2686148514085	5.97849305376885	78.2381178880582	6.43314339169472	4.54390660519009	5.20596537937796	16.3922717345868
ENSG00000254277.1	rest	ENSG00000254277	64.2745239126138	12.4239425390805	19.7785803096204	7.82267236540144	10.9096596331634	16.278458880083	6.51816526452477	10.4371557549242	54.0057387189029	5.3219409314857	77.0771745034976	6.12877038198193	4.41380841537339	5.20909830032709	16.3439178805354
ENSG00000254337.1	rest	ENSG00000254337	64.2054948302354	13.1775206104289	16.8127569868627	7.51639165077427	10.5062756637496	16.7812070642838	7.18496866952495	10.798827330656	53.8445820886401	5.39122219557448	77.4448016157914	6.13788094995179	4.50363452697623	5.21485046640799	16.4439475464952
ENSG00000254339.1	rest	ENSG00000254339	64.1555795261469	12.1568573895359	20.8826477246355	7.96407720295848	11.0892696460674	16.3279675657623	6.38558414100113	10.3196645700381	54.0105649813522	5.33137265022053	77.0722950305262	6.11470293328357	4.40381159825702	5.21622496314736	16.3336076495432
ENSG00000254539.1	rest	ENSG00000254539	62.6670399986378	13.0376744930608	16.7574496945028	8.00385029004543	10.4967614830143	16.4117509786957	6.34962638887104	10.6473957422468	53.9017233229067	5.59822117802058	77.1895375232157	5.99222457314648	4.97274470649361	5.39039124724192	16.3244392474531
ENSG00000254682.1	rest	ENSG00000254682	62.0361654187959	14.0086566269677	19.2100785143982	8.20040452607339	8.52527590739069	16.2155732787577	6.00289146078187	11.8819843291761	53.8564208242784	6.35597588480999	76.9769422682377	6.57331983306305	4.76778248276175	4.90215737294365	16.3896755989425
ENSG00000254911.1	rest	ENSG00000254911	63.5069335411367	13.9360243062042	17.1857858139242	7.56104235739873	10.332901160835	16.1021156594884	7.05529212886829	10.7872013495577	53.874310408239	5.19008390209066	77.1417681228065	6.32977820054211	4.35111808373881	5.21517038775266	16.2619270328854
ENSG00000254934.1	rest	ENSG00000254934	63.9341413337653	11.653310673982	22.9657862402893	8.23489795511977	11.4272424217868	16.4216254199663	6.137072933678	10.1003662260343	54.0207458264968	5.34694277154199	77.0644591161008	6.08717243918591	4.3861653954086	5.22787861437468	16.3136286653931
ENSG00000255135.1	rest	ENSG00000255135	63.3672309680939	13.2449662364471	17.8024739827915	7.64306667530095	10.1626686109647	16.2084969051588	7.0323244028446	10.634996522203	53.7841197679267	5.512309459874	77.056958078621	6.22767892460076	4.6254844602262	5.06695040978437	16.3482743985782
ENSG00000255248.1	rest	ENSG00000255248	60.9605088137735	12.6766952777814	15.7000552889303	9.09147784545269	11.8627408084785	15.3434249052015	6.10802619057464	9.43950906434247	53.3227725393417	6.33209324794616	76.828220504474	5.78237528041411	3.87103448699874	4.88945310520087	16.1705462420878
ENSG00000255399.1	rest	ENSG00000255399	63.7935978277461	13.0180003443087	16.5761451279591	7.8951273043027	10.7479567399624	15.893757771234	6.66209464846655	10.4288547474681	54.0162903003814	5.44770574718285	77.258607036507	5.98681852551929	4.18891677333134	5.03263248437372	16.5812419428467
ENSG00000255495.1	rest	ENSG00000255495	63.2693445053147	12.9706469347605	16.6343874159813	7.85832804828836	10.8308416393545	16.24781259694	6.77665997306603	10.5779622804868	54.3989200954691	5.31713068174784	77.4234418342743	5.89899162585341	4.5906008495048	5.19781896084732	16.5633186917803
ENSG00000255717.1	true	ENSG00000255717	57.1796401750999	13.8981302253472	22.4539535122472	8.0178729339268	3.8511477937194	15.3567975190803	8.56207664384669	10.2490097362254	53.0616007605102	2.60434586918525	75.028287010387	3.33157794080258	3.99441627557488	5.56285211207939	16.4891279015966
ENSG00000255794.1	true	ENSG00000255794	64.579160984561	13.1157477054672	16.9183325743578	7.45217084331353	10.4451410446867	16.149649343748	6.86043046482936	10.739965690985	53.9924666958438	5.29916403197825	77.0888894566073	6.16576983916824	4.43898285746975	5.19289728783899	16.3712369500762
ENSG00000256162.1	rest	ENSG00000256162	64.4836569694047	13.1073855647778	16.875590397799	7.46431598545512	10.3531594455392	16.141881434247	7.1983482559907	10.7691704995045	54.5778193324547	5.62541714248948	76.8799937177693	6.19124298685323	4.42720452225904	5.2119065032149	16.3214660206599
