gene_id	withinSubset	lncRnaName	Comp.1	Comp.2	Comp.3	Comp.4	Comp.5	Comp.6	Comp.7	Comp.8	Comp.9	Comp.10	Comp.11	Comp.12	Comp.13	Comp.14	Comp.15
ENSG00000004142.6	rest	ENSG00000004142	12.5183611556627	5.06571551386107	13.5831776620112	2.36337532632168	7.20089568041251	1.5069167793933	3.97247842792264	1.90264659634111	3.07370693223789	2.89124052579638	2.61711946351419	3.38799105425026	3.28122388295901	1.55718498222492	1.05723752053545
ENSG00000006534.11	rest	ENSG00000006534	14.1128789585292	4.59947516916753	13.6523254060093	2.42944989190007	7.13832428935993	1.60781156385636	3.98643369775112	1.89955247546927	3.21604121630012	2.94921877610727	2.6527105067616	3.32915140971345	3.23868720436518	1.58550507858863	1.06568311413416
ENSG00000085365.12	rest	ENSG00000085365	13.2258326175542	4.12236363892125	13.363418925157	2.3160005828733	7.00116928209747	1.67370166156917	3.97707336192136	1.90902655178834	3.28784843874717	2.92698477188738	2.71698259799567	3.28756188304766	3.22251043169458	1.5810113437667	1.05065382222187
ENSG00000088970.10	rest	ENSG00000088970	14.0557424580091	4.51699056546647	13.6519181107462	2.41443055041519	7.1082826408064	1.62427258004103	3.98461090710382	1.86923400542864	3.22947897108299	3.00595337860997	2.69794367301825	3.32101141505716	3.23265805808192	1.57651257330199	1.06467192080772
ENSG00000100181.14	true	ENSG00000100181	14.208166348387	4.51226834639363	13.539114895355	2.41632961520705	6.89004407505043	1.59176238056077	3.98899490698392	1.84772555286688	3.24189131096033	2.99687738883476	2.68145426627538	3.33320823367484	3.2444508418556	1.5739859008782	1.06273173860061
ENSG00000104691.10	rest	ENSG00000104691	14.1749615574012	4.51150379594481	13.6132592217273	2.41417768458361	7.10746192568413	1.61110605377474	3.99670236684081	1.87183359186831	3.24184813143025	2.98841669264507	2.68779458294701	3.33150432574292	3.24157425932805	1.57792629605329	1.06269378237599
ENSG00000126749.7	rest	ENSG00000126749	14.0001963720864	4.56072448102741	13.5679162479118	2.35176798181437	7.11096021274019	1.57755471784933	3.96511374202915	1.93470707487127	3.25735605092023	2.99386261724856	2.66687906760957	3.31212800468131	3.24608611132205	1.57548076946188	1.04450109556353
ENSG00000130600.9	true	ENSG00000130600	13.6298613733421	4.82938984856169	12.9941155932361	2.60833310466651	7.10157363506353	1.04891868685988	3.82410676439899	2.90277464303505	1	1	1	9.44409260179185	4.02004457205819	7.77761186641484	3.27707311853865
ENSG00000131401.6	rest	ENSG00000131401	14.2281512332301	4.50581917491787	13.5743152545188	2.23404966449236	7.15573068839876	1.61377513502062	4.00045626296081	1.86596885557836	3.25476596699615	2.98513783727263	2.68353113968124	3.32572283787567	3.24180335492452	1.57697254324905	1.06211482760765
ENSG00000137700.10	rest	ENSG00000137700	13.5378996816597	4.66030232855389	13.6274224537435	2.36018697124968	7.09883595512235	1.54405656579918	4.06512577458674	1.81857397418844	3.15979254370924	3.07182227552923	2.74111501397402	3.30094625951208	3.21231616383834	1.59047396411892	1.04486800379146
ENSG00000142396.4	rest	ENSG00000142396	13.9018240485162	4.60593620616335	13.592032449408	2.38106596817462	7.09184061330531	1.61103990005007	3.99377065524776	1.86545156723032	3.32688131101617	2.93768972878426	2.65405078287617	3.3182863011273	3.23418660495566	1.58106414244548	1.05451748378886
ENSG00000147676.9	rest	ENSG00000147676	12.4577205814828	4.77107244592257	14.0806381120796	2.45161098921566	7.19413827529122	1.73265100247547	3.9898559542705	1.76948915178927	3.43172088131934	3.0480606509138	2.67192323635386	3.33326933399752	3.24171048861604	1.56941849315893	1.06219826305565
ENSG00000150316.7	rest	ENSG00000150316	14.1418241190228	4.50755107116414	13.571796720523	2.38755286573355	7.06302730358339	1.61753948567756	3.98629054772649	1.88340177245486	3.24914945686809	2.99340417058919	2.68979569467401	3.31996890462051	3.24465758833408	1.57736233800704	1.06199513114883
ENSG00000162290.10	rest	ENSG00000162290	13.4662453588528	4.48298467327001	13.4686063392776	2.39154568320588	7.12204360491401	1.68034946578079	3.97222479123217	1.87670159137161	3.35487462635821	2.93051703678455	2.6750071393092	3.31149565627329	3.2292888401373	1.56252603434299	1.05823901383645
ENSG00000170846.10	rest	ENSG00000170846	14.17658036574	4.49596625562686	13.5972135820312	2.41697226606203	7.05389547235548	1.6032544514896	4.00288093312998	1.87044041349188	3.25528854959435	2.98844922252052	2.68294229333111	3.32757779551105	3.23685544293524	1.57889153775427	1.05679026630378
ENSG00000172965.6	rest	ENSG00000172965	13.5836387128178	4.7382909831737	13.3414021895133	2.50475262944828	7.05969641527594	1.56207392265134	3.974421472639	1.89949751122604	3.27424934356112	2.96742029980486	2.64392362395164	3.35248225900116	3.27210187749836	1.60010505602218	1.06140204175537
ENSG00000175061.9	rest	ENSG00000175061	7.3545135858673	4.26081858579727	11.9587078989888	1.22559752508499	5.75957757898403	1.86190832022637	3.45186179695392	2.15692289510037	3.12521743043315	2.81449364830901	2.35876976243307	3.01581255783106	2.83133005434321	1.51619738037514	1.12478186630425
ENSG00000175772.10	rest	ENSG00000175772	14.1964449864813	4.51488638500933	13.6141097587031	2.43036817749969	7.13777215788781	1.5851562490753	4.03428391546464	1.88106154913461	3.23595875538257	2.97316987883294	2.67365025229285	3.30224341949396	3.2374105031871	1.57725386916834	1.06724488309749
ENSG00000180712.3	rest	ENSG00000180712	14.2115240541869	4.51384960485287	13.5236328428684	2.06040533016141	7.18113569202473	1.62164767185815	4.00022385133492	1.85604052864725	3.25656017822381	2.98467378050778	2.68220718148173	3.32518782191231	3.24350949489352	1.57800094466185	1.06198348526229
ENSG00000182165.12	rest	ENSG00000182165	14.1385513359392	4.52914931164086	13.601095382139	2.39747606781479	7.14800075832877	1.58789448074611	4.01195899341064	1.88844710318561	3.25445470328112	2.97866791339968	2.69680240295513	3.32335560401592	3.2421292042269	1.57297403829004	1.05410432855334
ENSG00000182841.7	rest	ENSG00000182841	13.9272419695627	4.50766491033155	13.5505143068727	2.36727487035605	7.11724139921494	1.62287013878006	3.98920026965631	1.84408844895301	3.21311082376152	3.00455715120642	2.69009189236862	3.32321177740134	3.24708230970345	1.59142506162848	1.0690227221387
ENSG00000185044.8	rest	ENSG00000185044	13.8373070763371	4.71613452386194	12.9299773137355	2.21945538328882	5.10777891142235	1.57649243274876	4.00009628181994	1.79661837680604	3.14600326229671	2.93179618236432	2.85915874074833	3.32692512885985	3.27002372173712	1.59764201600473	1.03200581886555
ENSG00000185433.4	rest	ENSG00000185433	14.2306534297342	4.50454225856692	13.5843325079242	2.26805404843328	7.15076149061296	1.61255999856596	4.00018042665624	1.86757783925657	3.2545285743167	2.98581926783105	2.68433489558139	3.32629193674428	3.24150698206646	1.57671352549893	1.06209513270121
ENSG00000185495.6	rest	ENSG00000185495	14.1464014427423	4.4908375579424	13.5962994907812	2.38178881583364	7.08464435998338	1.60393229017155	4.00860382989659	1.8735509802314	3.24891289248971	2.99070933851851	2.68720224369845	3.32993714619498	3.24087228948154	1.57897326586043	1.06669493152878
ENSG00000185728.11	rest	ENSG00000185728	13.4110248530052	4.26313256983555	13.3918904856407	2.39534202249999	7.13368438721729	1.56080522147927	4.0277461713369	1.94201962426313	3.23968538452279	2.94701211713723	2.71153334474493	3.34329066383858	3.22080166099292	1.61275499718692	1.05656802310283
ENSG00000186594.5	rest	ENSG00000186594	14.185838881248	4.53320078315065	13.5685578320997	2.4433180925829	7.14735606644147	1.59443025497512	3.97079327515012	1.91997414399432	3.23962753665298	2.97903324383167	2.67192133119153	3.34090451902798	3.22251613160335	1.57129447489326	1.07352978820641
ENSG00000187156.4	rest	ENSG00000187156	14.2296016183495	4.50352962428503	13.5968376672144	2.41867056867439	7.02993953004822	1.60586901190474	3.99804687951928	1.87245286318932	3.2494423029668	2.98314697755696	2.69633684302526	3.32797869368327	3.24192183583674	1.57621388620172	1.06039964096564
ENSG00000188338.8	rest	ENSG00000188338	13.3834800598811	5.2075197160538	13.9133923755688	2.4423785441036	7.16430570454744	1.70041602125417	3.94338129510041	1.79818196078664	3.32926295928635	3.02069862610521	2.70399656403469	3.32539189944778	3.2371111299607	1.57558929805641	1.06279390105522
ENSG00000189223.6	rest	ENSG00000189223	14.1892126571278	4.51882076577323	13.5067315624669	2.36599929578667	7.0903346706029	1.55649000604795	4.06392276913174	1.90399599126084	3.24070825701903	3.00879177548797	2.67905213014422	3.34802500681605	3.2316434401159	1.58395329831431	1.07466668255391
ENSG00000189229.10	rest	ENSG00000189229	14.0632195080907	4.58934858006905	13.5154072227023	2.40741077090453	6.67484392000763	1.62098129243747	3.98499956712888	1.83178725178296	3.25028494176588	3.01026474497123	2.67776531622403	3.33321239787522	3.24208515163671	1.57687916143654	1.05413789856491
ENSG00000196756.5	rest	ENSG00000196756	13.308700480383	4.65813967593151	13.1890383253289	2.21884907033428	5.68373581440854	1.64566451376372	3.96818401828674	1.74499483568142	3.03356087570254	3.12042092627065	2.69767908377817	3.32364791092968	3.22856856183347	1.59240914817481	1.06308687684433
ENSG00000198833.4	rest	ENSG00000198833	14.1148768002327	4.52944281145571	13.457550043686	2.28856338425664	7.11522427884285	1.62263726500441	3.99162773410246	1.83927610782814	3.24599612909645	2.9869824286621	2.69342461145798	3.32549249911867	3.23366236711775	1.58222579344711	1.06153785860603
ENSG00000203279.2	rest	ENSG00000203279	14.1492855025418	4.45701849330804	13.6415917355494	2.42136761310916	7.12511355732335	1.61591104639494	3.99978723492032	1.87802229672247	3.25660633743372	2.99019585726947	2.6874894686701	3.32560890448468	3.24093179241229	1.57601885855487	1.06251362126076
ENSG00000203499.6	rest	ENSG00000203499	14.1542884064882	4.5240022283799	13.6277481517687	2.42391704803669	7.13197550602266	1.50159573524784	4.14118958905707	1.91865514305714	3.2651239695574	3.0173650265071	2.688302034357	3.32254049841827	3.23920851664731	1.57986477684591	1.06228090341139
ENSG00000203875.4	true	ENSG00000203875	14.0561954134693	4.46576768031491	13.5223685661675	2.38560765121028	6.98222165352012	1.62084996001575	3.99502175397706	1.8499015538058	3.25720347301531	2.97890960809026	2.68283567214041	3.31985980757472	3.23482130391804	1.5796162092742	1.05748789813518
ENSG00000204054.5	rest	ENSG00000204054	13.7647872888087	4.85649701342638	13.6357274492651	2.46097311302512	7.12060961162445	1.5801804429526	4.05155406362588	1.88265547871186	3.30199599505985	2.96490404285272	2.70279589756425	3.32196522377098	3.23778096118423	1.57697020391752	1.04848767006071
ENSG00000204164.5	rest	ENSG00000204164	14.0156391629495	4.52069620018924	13.5886901687459	2.40633202481183	7.02596813072493	1.60764084718339	4.00237561703349	1.8604718979739	3.27489818583405	2.97458234490695	2.68158634359583	3.32636028784698	3.23695043413558	1.58210589726971	1.0627147202428
ENSG00000204272.5	rest	ENSG00000204272	14.0947544479208	4.46148774769878	13.5745614623813	2.3999200954992	7.15663381281949	1.5598202250119	4.00919168964097	1.90516478649801	3.23628881355634	2.96843206301264	2.69778609477484	3.32855923024883	3.2395476974522	1.57899388084441	1.04550901194419
ENSG00000205662.2	rest	ENSG00000205662	14.0619575206067	4.43497094690823	13.570422279448	2.35516423823705	7.03663999606968	1.61641551529446	3.98736351053631	1.86108463334756	3.24020659125819	2.97488035088573	2.70828318797116	3.32248196602134	3.24746105613798	1.56765661877866	1.06714233208467
ENSG00000205663.4	rest	ENSG00000205663	13.7098968341179	4.30495121925436	13.4016719229331	2.14239074109593	6.88064992170916	1.613706157821	4.00280983319815	1.84436892228659	3.22609385812714	2.95259319540731	2.73688327446114	3.31659051504599	3.25943147445657	1.54775133019636	1.06848835082336
ENSG00000212978.4	rest	ENSG00000212978	14.1657078274952	4.51894500499131	13.6282378298675	2.42009517533966	7.13650019508839	1.59715676307229	4.00120241369567	1.88682069991114	3.25058753298265	2.96739874727642	2.67302814378884	3.31714172865008	3.2358434123238	1.57771259057822	1.0557178126429
ENSG00000214049.3	true	ENSG00000214049	13.5793232962149	5.04041354139618	13.691649371056	2.42613940623872	6.75074236704878	1.6710490037471	3.9551366811438	1.78450528893382	3.33893926439161	3.01284321359175	2.67205377901456	3.33672318801785	3.23742812248658	1.57695125103888	1.04731036026407
ENSG00000214548.7	true	ENSG00000214548	14.1032939065039	4.55531436162861	12.978403546863	2.66295490065994	7.35943654660203	1.65762609210735	3.96775088614352	1.76478441750522	3.22327083236281	2.98829337975172	2.68010800787992	3.31704901252725	3.2277405497104	1.56469104678303	1.03109185756874
ENSG00000214719.4	rest	ENSG00000214719	13.5974152234856	4.47267877283439	13.6911112603209	2.37853833569938	7.1800164654733	1.66671136754081	3.96159355856276	1.84543035745703	3.26390042316013	2.97325652686374	2.67884668232742	3.31240084777135	3.23411154690851	1.57100717356	1.05774447756624
ENSG00000215417.4	true	ENSG00000215417	14.1129022421933	4.48903058005178	13.5023086306344	2.37318693817997	6.75963946325966	1.61609317573645	3.99218467024802	1.83989627564476	3.23911978936955	3.00480314429079	2.6798185365145	3.32905865310173	3.24041327025394	1.57832251403653	1.05447405728289
ENSG00000215447.3	rest	ENSG00000215447	13.9956422442485	4.49252981512712	13.5699956978528	2.43877577533483	7.11466116470855	1.59276677374362	4.02376200679001	1.92341972441894	3.24584430208661	2.97032339124151	2.73579942348416	3.33725830102894	3.24802487106231	1.58572958220057	1.06452573156092
ENSG00000215908.4	rest	ENSG00000215908	14.03309158396	4.54653365613255	13.5994733430522	2.41199096964596	7.09771961991584	1.62015626461801	4.00204539674619	1.84644195854601	3.2355353691233	2.99594983653474	2.7021546213226	3.32267548895176	3.23952517973742	1.57352175487774	1.06348602569305
ENSG00000219481.3	rest	ENSG00000219481	13.8421786883263	4.63375418352165	13.5079290825555	2.48067249748355	7.13145227694709	1.56198935955246	4.05834268499055	1.96623924941418	3.27748721049894	2.95016921128839	2.68265294277173	3.31946623534859	3.22476345931896	1.5356915238353	1.05283596727948
ENSG00000222041.5	rest	ENSG00000222041	13.8670809654923	4.64245321099785	12.9403898905856	2.58540577072691	7.11329256346676	1.6765419612638	3.989720674531	1.72753157302983	3.26220454689622	2.94650669568454	2.66269473656378	3.35445670092711	3.21179815147104	1.59191778159169	1.10045443981115
ENSG00000223380.3	rest	ENSG00000223380	13.4490985477997	4.73566252330976	13.1611502657614	2.30759236173615	6.98910684097469	1.62960732754562	3.84659141316927	2.16751275915902	3.28612089150517	3.06134064579971	2.71702899042729	3.33461597934471	3.18982189614362	1.57600674460131	1.09736795734274
ENSG00000223414.1	rest	ENSG00000223414	13.9260957374632	4.7612942661626	13.715268082401	2.43528841243568	7.13917903609419	1.63196508975944	3.98341897440306	1.88249217509511	3.29988297423837	2.88233031028731	2.60513382833779	3.25202716373	3.23610478881739	1.58410499098602	1.06798115734697
ENSG00000223477.1	rest	ENSG00000223477	14.2020549931522	4.52509577077303	13.6327883364059	2.42489020626897	7.13106511938627	1.58635001666897	3.99648925709613	1.88754155538689	3.20625542756392	2.92869116132775	2.64735357406801	3.26424353628715	3.23626960255219	1.57947618376846	1.07647339460715
ENSG00000223573.1	true	ENSG00000223573	14.1923453363693	4.52000180224219	13.6299210118829	2.42184121506343	7.13119538997171	1.54633878906194	4.07535317049077	1.89797617144832	3.24972473404876	3.00702597478672	2.69201946116557	3.32144062183001	3.24028513620364	1.57694235170671	1.064080280067
ENSG00000223745.1	rest	ENSG00000223745	14.1388451952195	4.44462207349532	13.5738359799501	2.36205187184904	7.08567864520601	1.61934544138556	3.99743511522364	1.87085261625529	3.24914973423284	2.9753788875039	2.70251786751012	3.32460963255542	3.24147862592557	1.5784485366617	1.06171009152492
ENSG00000223768.1	rest	ENSG00000223768	14.1702300139309	4.49583651897035	13.6078243830675	2.42987091774565	7.1238869186251	1.60815753756969	4.00250380904672	1.88719247442116	3.2528852037658	2.97963404982046	2.70231413401307	3.3280198163593	3.23887023865048	1.57698182829645	1.06578603134688
ENSG00000223808.1	rest	ENSG00000223808	14.2410087084912	4.4986616746312	13.6284852288361	2.4224419446557	7.12834423764003	1.60156391024076	4.00728566186473	1.87813220310984	3.25309541152515	2.98833605939144	2.68641487099816	3.32678515651745	3.23991499077227	1.57590614063242	1.06208712720402
ENSG00000223812.1	rest	ENSG00000223812	14.2378861201743	4.50010990624176	13.6156365490609	2.42240296444555	7.09725371303213	1.60647859101667	3.99981387879101	1.87235301907911	3.2512481957739	2.98701290422357	2.68786225392489	3.32729908289519	3.24031598654099	1.57581886191331	1.06174532078516
ENSG00000223959.3	rest	ENSG00000223959	13.3317199520506	4.51520691885015	13.425468674925	2.36461313833714	7.10677938522744	1.3850547128314	4.40288991769703	1.89146537268477	3.36039840073114	3.03468057378608	2.67025461393403	3.31164039823378	3.25592906340397	1.56958916104415	1.07437695576456
ENSG00000224032.2	true	ENSG00000224032	13.9624021577092	4.58242465917618	13.6305172567765	2.4216564577981	7.10182571497041	1.62046531268735	3.99773561636766	1.87342973538705	3.21916971342815	2.98610113190391	2.68579150122227	3.29846713717077	3.2359669820653	1.57917975608378	1.07433858319537
ENSG00000224137.1	rest	ENSG00000224137	14.2312467375866	4.50418553558028	13.586125345229	2.27448174116062	7.14978611469825	1.6122937205727	4.00022501536014	1.86796249613072	3.25503284044285	2.9856123804669	2.68418729397364	3.32642019567728	3.24145208996709	1.5766686039857	1.06203996463159
ENSG00000224818.1	rest	ENSG00000224818	14.0588103075755	4.53296318945362	13.6072051514614	2.34548271312272	7.15912882654184	1.56869299885214	3.99761290190159	1.91845020966644	3.22057360080457	2.9907152315103	2.68358549430445	3.34856823355416	3.2534864578536	1.56940861674938	1.07642237667909
ENSG00000224870.2	rest	ENSG00000224870	13.991414926087	4.54130511199813	13.6370683925793	2.4020088354037	7.11332546737903	1.61417481974849	4.00921807307785	1.8767602685124	3.29252958171726	2.96670644839013	2.67721381561959	3.33858106351553	3.24712073148009	1.57434187634273	1.05856384194502
ENSG00000224930.2	rest	ENSG00000224930	13.8814943871269	4.80452660331033	13.746300183286	2.43257268646361	7.14192616435622	1.6465363418394	3.9790777745874	1.84691260037152	3.33844113882079	2.97651703200271	2.66928584387268	3.34268454849191	3.24038002553566	1.58248330762838	1.05921198147987
ENSG00000224959.1	rest	ENSG00000224959	13.2648626282183	5.07251305566914	11.9369561293335	3.08993050307225	7.56554559373052	1.82421452167891	4.02762254031963	1.30554438393737	2.99558064864889	2.95676111336026	2.77720660726309	3.16110078131981	3.17159711494345	1.53950546280835	1.1327242506108
ENSG00000225135.1	rest	ENSG00000225135	14.2139703272537	4.51162649130288	13.5756132959128	2.41781825586544	7.00636052217884	1.60752609408859	3.99353135205421	1.87470948258596	3.24744336392107	2.99073163586235	2.68832360006364	3.32640553430282	3.23820021865421	1.57499352434328	1.06260813126723
ENSG00000225151.4	rest	ENSG00000225151	13.3869499141972	4.41862186180164	13.6623305990274	2.32438416775593	7.1251146425027	1.60525137117593	4.02264769554619	1.88194803039306	3.16488720582764	2.99422062188416	2.73417890676316	3.27324461179203	3.24194466009939	1.58726498301735	1.06580263183451
ENSG00000225210.1	rest	ENSG00000225210	12.6163151521871	5.80573268147562	14.0056633213	2.45017107975742	7.05126578166848	1.43998641171032	4.35496289202527	1.96804010005866	3.12813913982431	2.94867158259957	2.83528322790509	3.13036527849902	3.23706620356426	1.60716545400985	1.08283922896499
ENSG00000225241.2	rest	ENSG00000225241	13.8783041871881	4.70562458173829	13.4595781223375	2.34617317527028	7.14133879032983	1.52534050698894	4.01702164640575	1.89581071579219	3.22216884219637	2.98563454386986	2.71362243404072	3.32081842783877	3.22404515840048	1.57667984079557	1.03461393722912
ENSG00000225746.2	rest	ENSG00000225746	14.0981707557115	4.55988883791892	12.9896412724368	2.64241185734091	7.3394239237585	1.66800839602446	3.85063861490942	2.04635119131975	3.26982015322905	3.12263032374779	2.64987088947724	3.27096623760156	3.32151224505206	1.58197139316801	1.04285180651494
ENSG00000225760.1	rest	ENSG00000225760	14.0725408792191	4.51018098536112	13.603481517258	2.40417897688409	7.11168518775353	1.60531241533244	4.01472408303392	1.86871468079464	3.24705054505717	2.98639920197632	2.69033359875718	3.33331164356573	3.24528854939228	1.57183563718163	1.06118743099244
ENSG00000225791.1	rest	ENSG00000225791	14.109478289756	4.49539327646852	13.6054692142108	2.39898790219242	7.10761154293548	1.60601735431864	4.01001713333211	1.89398140692548	3.24141289743776	2.9826418441125	2.69904309593434	3.3325859521124	3.23600639794838	1.58619199997953	1.0722511350191
ENSG00000225873.1	rest	ENSG00000225873	14.2177152954384	4.51625324584577	13.6152899605101	2.41707579718126	7.08624870770191	1.60790974653594	4.00015251121065	1.87054927826599	3.25796694779245	2.98555114598833	2.68702527062743	3.32817538845795	3.24055186707096	1.57585325667228	1.06092165640257
ENSG00000226007.1	rest	ENSG00000226007	14.236175068589	4.49828157877327	13.6214043996623	2.41814043981029	7.131232536191	1.60507512724654	4.00243625734476	1.87650581088248	3.2508632254767	2.98091195767994	2.68496349348006	3.32279606252982	3.24010374166511	1.5758787511028	1.06284064697805
ENSG00000226363.1	rest	ENSG00000226363	14.2378427124687	4.50014243076043	13.6080098700053	2.43066727485057	7.13589385960762	1.60775406164922	4.00398388873385	1.86617430207084	3.25278404419472	2.98555490094717	2.68916100055445	3.326671295329	3.2397626851329	1.57547154308	1.06247988307396
ENSG00000226453.1	rest	ENSG00000226453	13.8666637209403	4.76963096747717	13.7376235674656	2.41665667042365	7.12989840306257	1.63749654711699	3.98876928378415	1.8466748066896	3.2514031049853	3.01978166765486	2.70541235213025	3.3209494086826	3.23664796798361	1.57508761826186	1.06605181661106
ENSG00000226900.1	rest	ENSG00000226900	14.2084852723913	4.49991492380863	13.6364366717428	2.42299688883466	7.12882730237613	1.6101391300088	3.99838603376326	1.87754708184964	3.25861106400247	2.98118054310877	2.69274145090991	3.32803704153044	3.23940523634365	1.57482524055582	1.06237956699272
ENSG00000226950.2	true	ENSG00000226950	8.95210688173613	1	13.4348173813503	1.81268370513682	6.82875816325047	2.21644810607925	4.02901539125847	1.50397718225672	2.83536104742222	3.39016916665849	2.77255987240051	3.24415840756484	3.25573805904973	1.59862852712263	1.11641760731859
ENSG00000227036.1	rest	ENSG00000227036	14.0758000678262	4.61670976851405	13.6681286779584	2.40997805877337	7.14172529692604	1.58363822055854	3.99214518956401	1.87557251277928	3.20842447006547	2.97892546543981	2.68706002803965	3.28803097828235	3.23416671261744	1.58296525420821	1.06909132818993
ENSG00000227502.1	rest	ENSG00000227502	14.2106483049361	4.5236333714891	13.6183908097537	2.35084122427901	7.14141782142472	1.61142581279997	3.99659613476475	1.86789752284615	3.22945094327638	2.99767652499574	2.69539606751885	3.32161164882488	3.24021689443775	1.5763942570727	1.06497961755191
ENSG00000227674.1	rest	ENSG00000227674	13.8255454665223	4.83103393999309	13.5217162744339	1.79262930155308	7.11443906434234	1.6715621101177	3.97300058960148	1.79664237617262	3.26414181363633	3.01303498313037	2.69133832522971	3.32030775980854	3.2450276890977	1.57940420556959	1.06193794816843
ENSG00000227681.1	rest	ENSG00000227681	14.2245615946794	4.51159000931401	13.6201870965507	2.42332628097341	7.10327335022501	1.60820488258871	3.99896452203503	1.87244107489185	3.25926846057824	2.98552934403349	2.68311325750079	3.3283628624642	3.23858392560966	1.5749022310773	1.06183644779462
ENSG00000227932.1	rest	ENSG00000227932	14.2339360423023	4.50179489035053	13.6033247791509	2.42164119679649	7.06370658663472	1.60664912024923	3.99945027407864	1.86840531468142	3.24923895606946	2.98985031737098	2.68584802697187	3.32767739451414	3.24022995674783	1.57588083368419	1.06128092347106
ENSG00000228223.1	rest	ENSG00000228223	14.1495741876324	4.48867069623093	13.5900184144819	2.41058191113216	7.02783128831172	1.61406279249796	3.9973948483665	1.87053308075493	3.2521826189897	2.99162168660862	2.67870416207719	3.32726768053329	3.23756139339394	1.57407789502414	1.06194864588822
ENSG00000228327.2	rest	ENSG00000228327	13.8272288958637	4.37613577377571	13.5518513123923	2.36439952651839	7.00811830819855	1.61237580855543	4.04392378085019	1.86207996008501	3.25777137100869	2.99582046487993	2.68490242898091	3.32268355114946	3.23955714338146	1.57552200004032	1.06146054457481
ENSG00000228474.1	rest	ENSG00000228474	11.9545521422688	5.2769059832099	12.811784070944	2.35922388206104	7.45349386911223	1.60344373208594	3.77766009930914	1.77148275101468	3.18716483097285	2.68164662734512	2.90542679184903	3.47440871681257	3.08324368397314	1.45510418033694	1.17744537579342
ENSG00000228682.2	rest	ENSG00000228682	14.1729989059993	4.53481447307263	13.390477050968	1.59601794055361	7.24897719633531	1.64142492551228	4.00044018518106	1.83167960651246	3.26621059710494	2.98023063995362	2.67469505362322	3.32368983434957	3.24810384068701	1.58090841049188	1.06112216628334
ENSG00000228709.1	rest	ENSG00000228709	13.7630124132121	4.04893821387623	13.6864172388124	2.42815502010105	7.13948046814004	1.67637705881528	3.99527458434914	1.87077385456747	3.258993161755	2.96282222138577	2.71670905922958	3.32178183158614	3.24650883255396	1.57510372370849	1.06402995927659
ENSG00000229152.1	rest	ENSG00000229152	14.2225162529041	4.50477414620659	13.6189571784287	2.41762756007801	7.11414020351685	1.60820683480866	3.99832935232772	1.87833867800536	3.25996046054306	2.98388717103516	2.68481447219198	3.32557523178861	3.24100738180666	1.57632140494212	1.06167402655429
ENSG00000229205.1	rest	ENSG00000229205	14.2108036409099	4.51306923623914	13.5467552222387	2.41714885370672	6.90041492549273	1.60747464285353	3.99696305777115	1.85312448239371	3.24243268919351	2.99799006693944	2.68247158189652	3.329710883759	3.24069150547429	1.57625050464509	1.05869222303233
ENSG00000229308.1	rest	ENSG00000229308	14.1201879298189	4.54663647229494	12.9961391374653	2.67148018231409	7.36140693622186	1.68935024519777	4.06562893381973	1.55783043131594	3.24532514848711	2.96045719843714	2.742069224656	3.31842396641504	3.22945385546292	1.56596052852308	1.07168103830214
ENSG00000229656.2	rest	ENSG00000229656	14.2330106105332	4.5040135346987	13.627910207213	2.42359919799033	7.1285225384042	1.59847502853218	3.99798267107764	1.88096263732906	3.24273256025972	2.95770526644344	2.66610732850852	3.30365208689506	3.24086902915548	1.57579353680665	1.06757622329937
ENSG00000229807.3	true	ENSG00000229807	14.0307021261962	4.58046952510057	13.0385980950936	1	6.89695313416403	1.58842721835594	3.9359587215131	1.93065771287142	3.27751095169968	2.65546119037689	3.15126644973069	3.31943589265376	3.30523589550305	1.59627083652681	1
ENSG00000230257.1	rest	ENSG00000230257	14.214065159133	4.50989290599902	13.5464213704326	2.42241325762054	6.93701204302889	1.60869578025538	3.99864485256172	1.85108516554619	3.24417278487391	2.99534798561342	2.68421366917171	3.32933369119634	3.24066640511406	1.57627091452038	1.05932001874144
ENSG00000230724.3	rest	ENSG00000230724	14.0395289988417	4.45691261379183	13.5906514379926	2.38482472640446	7.03678433466288	1.61094084717296	4.01496354350714	1.8613063849957	3.24746031711749	2.99413235388071	2.68832269852883	3.331366903773	3.2446532571491	1.57197461839838	1.06013279458686
ENSG00000230937.3	rest	ENSG00000230937	13.7402440537997	3.92714357722436	13.6526668248838	2.37891819127505	7.1684090910762	1	3.69592327592786	1.7017036952186	3.31486463518931	3.00425206189308	2.69789678902984	3.30554928302378	3.23810449776523	1.57822790543952	1.07014590565648
ENSG00000230952.1	rest	ENSG00000230952	13.312137886169	5.29003587036381	13.9489141955977	2.4410930853876	7.17674768632775	1.70685730420187	3.92884094376227	1.78240703309207	3.22799201765256	3.07222848589104	2.74532729459377	3.30488386813497	3.23519956439606	1.57447115436102	1.07335017521586
ENSG00000231106.1	rest	ENSG00000231106	14.2403929178144	4.49685365151981	13.6292919094894	2.42242812255867	7.1277834001886	1.60633067905728	4.00004439600189	1.87581039627848	3.25286550601627	2.98653799294318	2.68580952286208	3.32759033300454	3.24043179149239	1.57514287412087	1.06150084493421
ENSG00000231698.1	rest	ENSG00000231698	13.5369137487277	3.61595676637042	13.7178062601193	2.42166448737893	7.14057420814252	1.716013924124	3.99979036771668	1.85568417629168	3.25379427144495	3.01139073170568	2.66644110016263	3.3327938058548	3.24282040232641	1.57308576725882	1.06520989739411
ENSG00000232151.3	rest	ENSG00000232151	14.153464811141	4.48265499722285	13.5624255577943	2.37463375086414	7.12548897032068	1.61867191437512	3.97990760096923	1.90026291772609	3.26714251762387	2.99547680596792	2.68131787232329	3.31631272042089	3.24776135715227	1.57997741218512	1.062112942791
ENSG00000232271.1	rest	ENSG00000232271	14.2146443180411	4.51282169649325	13.518492566412	2.04304131555779	7.18359746314955	1.62182700749315	4.00042726581842	1.85581403573794	3.25767512996501	2.9840195933769	2.68126514794957	3.3253442199579	3.24371699433437	1.57812965983685	1.06182230050634
ENSG00000232274.1	rest	ENSG00000232274	14.1808549021906	4.54571451735608	13.6359755351651	2.42135578444181	7.11675822303491	1.6077910193578	3.99886037251941	1.88890476330953	3.25769022421452	2.94034324690587	2.69788010210194	3.30631010652085	3.24264624204273	1.5782127372616	1.0634170576089
ENSG00000232324.1	rest	ENSG00000232324	14.0445822783555	4.6633236144688	13.6904338109303	2.42776512314388	7.13880606288383	1.61656200467774	3.98965371437204	1.86835508755654	3.21153714825964	2.95522374051847	2.66131314255347	3.27168921431368	3.23233267041026	1.58212500152967	1.06963329446373
ENSG00000232388.1	rest	ENSG00000232388	12.2873885111755	5.67240940020982	13.490912291442	2.51135783351659	7.35040938181219	1.52578179175949	3.87916232841094	1.79562833463808	3.25167278818439	2.6652114974201	2.62020662690222	3.26280224134962	3.16588782641151	1.62012910551436	1.00347764015496
ENSG00000232527.3	rest	ENSG00000232527	14.0575796371919	4.63092214344076	13.5946512482072	2.43362302971518	7.14585691059453	1.5693573135435	3.98932305032713	1.90380117239268	3.25910497432886	2.94910215919359	2.68759238797933	3.37713343373528	3.26363859082521	1.56602088669793	1.06524858548124
ENSG00000232774.2	rest	ENSG00000232774	14.2137356609343	4.51992905758003	13.6298056894827	2.42330378476542	7.13242022981981	1.60452355039481	3.99674794109945	1.88222882555749	3.23548783763846	2.9705249479413	2.67447981736007	3.3775979026433	3.2466002117902	1.62740805368653	1.08084937068733
ENSG00000233137.1	rest	ENSG00000233137	14.042431275002	4.47168021065954	13.5875877561468	2.36929675386625	7.09591551592327	1.61035404019006	3.99934354492206	1.88648918962268	3.23588982004961	2.96470597152065	2.69710996839745	3.31436112284253	3.24316748646563	1.57174810776273	1.05328415287539
ENSG00000233236.1	rest	ENSG00000233236	14.2347009618006	4.50287997343356	13.6124139463641	2.39157752353422	7.11444287296653	1.60808078147945	4.00008521049182	1.87140896313514	3.25576208727816	2.98621050309522	2.68447198392378	3.32761038587337	3.24037489690566	1.57592682390594	1.06159078667529
ENSG00000234147.1	rest	ENSG00000234147	13.9736117653083	4.72324106780019	13.6912075343787	2.38899014789875	7.10790343554912	1.63660922393732	3.98175842585545	1.84986712481519	3.28054073790078	2.99055513820141	2.69828973668929	3.32671502562107	3.24088683446385	1.57559229119995	1.06085968955314
ENSG00000234327.1	rest	ENSG00000234327	14.2265829867959	4.49722730948397	13.6208066416354	2.41262991394291	7.11448429026517	1.60804504359886	4.00017275863505	1.87385008984367	3.2562799567807	2.98524282540984	2.68474763727644	3.32728478031743	3.24039908602182	1.57555701796427	1.0614354510212
ENSG00000234431.2	rest	ENSG00000234431	14.2047906400852	4.50359750206458	13.5515160960341	2.40628086715016	7.13069020091775	1.61465795434815	4.00337878910785	1.85095637421004	3.24903045150029	2.97993230513235	2.68522678424827	3.3291976112584	3.23906991164202	1.57855499878645	1.06540452923377
ENSG00000234449.1	rest	ENSG00000234449	13.8416792520416	4.37124362230741	13.4057130676636	2.22523383860243	6.80209223438705	1.56485587206599	3.97536489457795	1.86815221300715	3.23763513058962	2.96742633299363	2.71695061926152	3.31526201243719	3.27893866949106	1.54692784897432	1.0765581768862
ENSG00000234456.2	rest	ENSG00000234456	14.1793013468022	4.53515202429465	13.6149625510223	2.43369490313683	7.14129458216682	1.6078804418368	3.98290371267364	1.88439721381304	3.24279205115179	2.99193487062486	2.70345932902956	3.3209355938117	3.23536383663388	1.57947652735501	1.05371996426162
ENSG00000234722.2	rest	ENSG00000234722	14.2152954442296	4.51018525169667	13.5558634440796	2.41546525625535	6.911573139562	1.60656935941444	3.99684179197964	1.85688648647265	3.24299180804982	2.99739604206022	2.68221314595355	3.32963004577955	3.24082814024167	1.57634764898621	1.05877183937329
ENSG00000234741.2	true	ENSG00000234741	12.3220748740506	4.51309449164693	13.5412258090488	2.05899266297197	6.60743909658374	1.59784463665834	3.95541578006676	1.78516581200177	2.94249926097922	3.12410831523373	2.7509960739214	3.24519458168272	3.21229604872639	1.61514988480742	1.07272193165987
ENSG00000234883.1	true	ENSG00000234883	14.19490136267	4.52188793472174	13.4409595202102	1.81975385150122	7.22041475219335	1.63252421421156	3.99797201143501	1.84681895827916	3.2610291177357	2.98516349922314	2.6778160444644	3.32307475037007	3.2480148581039	1.57977467523358	1.06084091296118
ENSG00000234978.1	rest	ENSG00000234978	14.1837340140933	4.53255772377599	13.5483451991718	2.40005908229139	6.90765416579483	1.600157076411	3.99739446713329	1.87342602534372	3.24141757333171	2.98036887734792	2.70535712119201	3.32213553573397	3.2434594499221	1.57802930713477	1.05909502662709
ENSG00000235152.1	rest	ENSG00000235152	13.5975943129378	3.69193414048572	13.7100659395665	2.42131932301498	7.13956704007975	1.70657408015469	3.99981653234808	1.85738862252326	3.25372422836184	3.00926928603028	2.66813668924564	3.33229701973507	3.24258167117389	1.57331670136615	1.06495210082005
ENSG00000235162.2	rest	ENSG00000235162	14.1250282332313	4.47671036471836	13.4922122876931	2.27915457104379	7.18402983077894	1.57346819998083	3.93757238483567	1.9701237834223	3.22806905331303	2.98045407943925	2.66479636495185	3.33805545247846	3.13687701145658	1.55180928547268	1.04812784490206
ENSG00000235385.1	rest	ENSG00000235385	14.2359388131707	4.4983952787278	13.6199331993908	2.41530842346003	7.12590264582899	1.60501248598448	3.99771638537924	1.89667596004024	3.25749922448394	2.94416403356028	2.74697516304116	3.32560063602226	3.24780956055238	1.57652237169701	1.06125835816608
ENSG00000235398.1	rest	ENSG00000235398	14.1092669057323	4.42813620017643	13.6011473106904	2.34185534015409	7.12797575350515	1.60970082689434	3.98438778731964	1.89087978139884	3.26789550659636	2.99230276602602	2.6796732000246	3.32593676736246	3.25057466568329	1.576186143011	1.05475708073988
ENSG00000235576.1	rest	ENSG00000235576	14.2332441824605	4.5030773075681	13.5933296824389	2.29931378964036	7.14616125882842	1.61124078056778	4.00019949766027	1.86927059786934	3.25446360148485	2.9858848133223	2.68459904985707	3.32649246293295	3.2412064176026	1.57651439634311	1.06209101605288
ENSG00000236094.1	rest	ENSG00000236094	14.1685193913312	4.40711037497752	13.637580967529	2.42176868661704	7.12987312626139	1.61710201241182	3.99961365473978	1.87510283480975	3.25105137058085	2.98790848906676	2.68322110350253	3.33040484618986	3.24298971323322	1.57202755883293	1.05840290617021
ENSG00000236537.1	rest	ENSG00000236537	13.7916044046034	4.51272414288213	13.3685409063512	2.37374913806035	6.91342467927229	1.65502361167324	3.95245862379275	1.94764232859071	3.29738993697268	2.91450921739314	2.75183523614126	3.30220865937572	3.24980954850306	1.58594370858414	1.0725368995403
ENSG00000236609.2	rest	ENSG00000236609	14.0543234784123	4.45944018454525	13.6198434347238	2.42993405053608	7.13565864983968	1.62483006969937	3.97390849998989	1.95903949229685	3.28599374983192	2.9054265149468	2.78461688223177	3.3089546899326	3.26357417397805	1.58829533443548	1.06283907283772
ENSG00000236673.1	rest	ENSG00000236673	13.7540254276109	3.88980157098097	13.6907452791864	2.42193096713355	7.13677147735461	1.68214927759645	3.99983384264694	1.86182012603782	3.2539383857281	3.00366163818364	2.67242489328803	3.33112714816533	3.24195615688088	1.57396146786561	1.06427089515894
ENSG00000237188.1	rest	ENSG00000237188	14.1887361593248	4.49413790761366	13.6118169711538	2.39962612400425	7.12767981502999	1.61265951184037	3.99612028530267	1.88297212268206	3.26082584715999	2.98220599772765	2.6941231360219	3.3247692651594	3.24142245180094	1.57602336925736	1.06288581481602
ENSG00000237372.1	rest	ENSG00000237372	14.2151564898337	4.48322383674705	13.5891066018518	2.27773245470373	7.14960168216741	1.61470525634867	4.00021164122463	1.86766858111046	3.25475429199102	2.98630441744687	2.68385560824085	3.32653054862715	3.24148373164543	1.57658816380625	1.06213844904921
ENSG00000237643.1	rest	ENSG00000237643	14.1746671123577	4.5376376639457	13.5073682097683	2.41843738766817	6.80403689422659	1.61190262555518	3.99602354687672	1.84015554290981	3.26321435252353	2.99382270246707	2.67257544179003	3.33476638370521	3.23998560454314	1.57552081112245	1.05532020455387
ENSG00000238227.1	rest	ENSG00000238227	13.669290982143	4.67544318513296	13.6304022796391	2.41812033138853	7.15838441588387	1.54980814082419	4.07765739028726	1.8818913154359	3.29942077532861	2.98176155606694	2.67279099274911	3.35447184864402	3.23206875549094	1.59008360710391	1.04901785136628
ENSG00000241860.1	rest	ENSG00000241860	13.8748795047467	4.26835558764758	13.5463790217046	2.38089858123097	6.93835897867078	1.61878405398914	4.02749013059021	1.85272462326276	3.24447610513064	3.00130482196383	2.69259632204961	3.32923280128638	3.24459501056961	1.57456868857451	1.0622635140664
ENSG00000244342.1	rest	ENSG00000244342	14.1721825839016	4.41091414184139	13.6378653887926	2.42176031776597	7.12947918927071	1.61706720767241	4.00005103304552	1.87381341368049	3.25303309383919	2.98903123275997	2.68450124644806	3.32760570088437	3.24031945826347	1.57548309082203	1.06251066933086
ENSG00000244879.1	rest	ENSG00000244879	14.017139350892	4.48968894559758	13.6144219340583	2.39133367182068	7.06101756239886	1.6138849198805	4.00944354247223	1.86870039654519	3.2532715987349	2.98039534734993	2.68382813303826	3.31158092506146	3.23370034144562	1.58283768490071	1.05677274959419
ENSG00000245532.2	true	ENSG00000245532	11.3390114343661	6.07973533756508	8.99835979285905	3.80428465702087	8.29749478994881	1.93612807589497	4.13645022912708	1	3.06268364636837	1.69651062168303	4.66197798019629	3.22216833924707	2.93818857753971	1.24568098072209	1.21710606015705
ENSG00000245694.2	true	ENSG00000245694	14.2395552950086	4.49949846060104	13.6271038880542	2.42112168950673	7.12297272896956	1.60588933084526	3.99986328499078	1.87586137601541	3.25159014962921	2.98609004945551	2.68637151441803	3.32699230288311	3.23913550877288	1.57548952918358	1.06288218683495
ENSG00000245910.2	true	ENSG00000245910	13.8812288452236	4.55415771249631	13.6340338544962	2.36077274689216	7.04495204727389	1.62165761196133	3.99701120889321	1.85583433813913	3.21218313995807	3.01685053756626	2.69846152015267	3.30845058498098	3.23355956481418	1.58282353860506	1.06167638102536
ENSG00000247516.2	rest	ENSG00000247516	14.1566845467408	4.52699900221184	13.6281310371319	2.42559191451533	7.09658993002101	1.61103881495072	3.99457543900596	1.87738203294488	3.25992466400416	2.98606051102729	2.68878264033543	3.3276829567846	3.23997172052718	1.57637113546291	1.06466215877488
ENSG00000247556.1	true	ENSG00000247556	13.5379985269836	4.10708111159596	13.5205416801545	2.26870256600391	6.94148652786996	1.64456618126954	3.96023784462355	1.83347232332344	3.24425194825172	2.97664990838095	2.67620218314803	3.32720755887627	3.21387371231856	1.61183070281729	1.0313414798867
ENSG00000247844.1	true	ENSG00000247844	7.1536524331811	10.5270840350742	16.036482568459	2.54653548459108	7.4854356250924	2.37797970394067	3.4780292731224	1.18235191407883	3.35657584485967	3.50621803459464	3.01642663133684	3.20055891795618	3.20749135380949	1.56415328419865	1.11819198436625
ENSG00000248103.1	rest	ENSG00000248103	14.0705470409672	4.35246856823923	13.6023484486511	2.41959135707152	7.04245027457236	1.62509523797934	3.99599372870247	1.90529360741993	3.25343980085932	2.9156119178296	2.80480108258239	3.3255803657626	3.25492603143601	1.5769288612441	1.0601565741879
ENSG00000248329.1	rest	ENSG00000248329	14.068781130843	4.28188038670321	13.6500108326627	2.41880104375025	7.13172289232396	1.63326848485358	4.00001955274592	1.87063187984131	3.25317832632088	2.99279777100284	2.68130477847519	3.32844027864174	3.240726375453	1.57510884827241	1.06295052055779
ENSG00000248596.1	rest	ENSG00000248596	14.2306113196276	4.50187661013959	13.6224759974558	2.42142500437795	7.1021111481892	1.60599634453395	4.00076150189537	1.87382232965122	3.25044423711894	2.98907736118099	2.68675362280642	3.32705414440245	3.24030787153651	1.57568030325938	1.06169996884888
ENSG00000248810.1	rest	ENSG00000248810	14.202590774672	4.48926366866259	13.5605217524933	2.4167083130027	6.92942761289488	1.60865980144245	3.99628339483919	1.85999230244913	3.24130131037093	2.99631922253253	2.68181169546347	3.32991104283887	3.23789530611184	1.57402806921777	1.06011020047474
ENSG00000249069.2	rest	ENSG00000249069	14.2333177413039	4.50250469706525	13.6008465167317	2.36522430721815	7.09870758570098	1.60630682084961	3.99838949678447	1.86923811708312	3.25226909372354	2.98799071812051	2.68458234339166	3.32721642028922	3.24147601225914	1.57559768486336	1.06268694581765
ENSG00000249152.1	rest	ENSG00000249152	13.8364210241092	3.99070570075576	13.6802101475485	2.42198164285844	7.13531038021945	1.66936008411563	3.99991765264384	1.86419893507321	3.25342340802241	3.00093952253162	2.67483237462257	3.33035201863908	3.24162286050741	1.57421232264421	1.06394020535429
ENSG00000249430.1	rest	ENSG00000249430	13.776966796583	3.91906480093666	13.6860104827779	2.42211355398943	7.13623313637154	1.67625184072414	4.00110176066498	1.86727892938996	3.25331511868482	2.9973760495154	2.67722450468912	3.32975853197087	3.24053068977898	1.57289959712577	1.06515648361441
ENSG00000249790.2	rest	ENSG00000249790	12.7697604825707	2.6971070134668	13.8062571403282	2.42431055551119	7.15809037081881	1.82797729622445	3.99660493153313	1.82662299057583	3.25454423675443	3.03707933307076	2.64717106890422	3.34020819167129	3.24873851268277	1.56884486262224	1.0718415335676
ENSG00000249859.2	true	ENSG00000249859	13.8214094147986	4.44815520470388	13.4736979644879	2.37109283990566	7.10675036742807	1.49726351750562	4.20566579429148	1.91474184735366	3.21822817440513	3.018659165776	2.70276514726265	3.28815166648513	3.22284652946121	1.58436654475272	1.06324336843373
ENSG00000250271.1	rest	ENSG00000250271	14.2379132784437	4.50022013207896	13.624974778179	2.42407356911023	7.12876271282469	1.60289641765515	4.00167010636605	1.8824859210442	3.23502921084689	2.95395670563147	2.66274248248406	3.29751991114247	3.23672285744361	1.57808726110903	1.06721727492963
ENSG00000250337.1	rest	ENSG00000250337	13.782335505898	4.60716557450315	13.7246981587466	2.38024524775621	7.13624259201036	1.65812458935498	3.98092226980592	1.85547650077812	3.26940096230596	2.94887416825732	2.64875684004498	3.28343362948125	3.23587427772552	1.57868648059785	1.06854140970562
ENSG00000250666.1	rest	ENSG00000250666	14.2397539413536	4.49939663772297	13.6222232817679	2.42157805373305	7.10642973018078	1.60612747770893	3.99973090135364	1.87402387340873	3.25171983891544	2.98792778993939	2.68584515318743	3.32727491295717	3.24008684727933	1.57580648269018	1.06189123571837
ENSG00000250742.1	rest	ENSG00000250742	14.2279737906441	4.49955434480004	13.6167972856326	2.41846126628327	7.12992751379688	1.56513892606841	3.97677905221418	1.89966591630203	3.24397697433599	2.92959487853247	2.73857301699209	3.35260185495372	3.24196298010617	1.58454337727621	1.03393942626428
ENSG00000251002.2	rest	ENSG00000251002	14.2353313730379	4.50194624143417	13.6020035948358	2.32987339165098	7.14108700986911	1.60994506827144	4.00014284283027	1.87111821249403	3.25401473647074	2.98551320649032	2.68558066832977	3.32652113950067	3.24098984436529	1.57636899154564	1.06212816466058
ENSG00000251129.1	rest	ENSG00000251129	14.1568642047523	4.51641301595533	13.4485129452746	2.40003549731949	6.60572888555066	1.5864395979641	4.01883549523719	1.85310979769803	3.19390732152319	2.95736447906135	2.63059345221391	3.27537549699538	3.23700515166608	1.5832322819543	1.06254850722765
ENSG00000251138.1	rest	ENSG00000251138	14.2187556251238	4.50696558917457	13.5710510061362	2.4146803975074	6.9542093792231	1.60649086005002	3.99726677438426	1.86165278951815	3.24428730613744	2.99388126941708	2.68154366924207	3.32756577103431	3.24066818485521	1.57644843492091	1.05965548395196
ENSG00000251273.1	rest	ENSG00000251273	14.005195457597	4.65254881381345	13.6409200968596	2.43806851279431	7.13915000744238	1.62321533858254	3.97267073300036	1.89499702404643	3.27373486911644	2.96971931313956	2.70372793385536	3.33088288938322	3.24724787287998	1.57473467397296	1.06414425693619
ENSG00000251381.2	rest	ENSG00000251381	14.0504581815142	4.64904576997068	13.6379622353431	2.41776484619375	6.99236851844139	1.59420907676751	3.96880169287942	1.83779887036483	3.25130958844811	3.00596480197133	2.69167392337898	3.32623024057182	3.25105184610166	1.56707569514266	1.07757630756716
ENSG00000251434.1	rest	ENSG00000251434	14.2409735010758	4.49890042445723	13.625260529037	2.42193030182865	7.11995632559375	1.60630313981226	4.0000544425039	1.87450164469489	3.25243581922983	2.98719156977538	2.68614289069497	3.32711959052823	3.24002314464895	1.57575317219846	1.06210365090457
ENSG00000251562.3	true	ENSG00000251562	1	9.49439941133117	1	2.24673863194198	1	1.02524184103071	1	9.3132598064062	2.76643290733277	1.2591006458542	5.6718151746414	1	1	1	2.06203182067225
ENSG00000253394.1	rest	ENSG00000253394	14.2184081398824	4.50851173348737	13.5616732736895	2.41502203568344	6.92467609637683	1.60619822064144	3.9968916548395	1.85888780760594	3.24258090668855	2.99714202770714	2.68267452270054	3.32933204117311	3.24079571716764	1.57634512618848	1.05906526577274
ENSG00000253522.1	rest	ENSG00000253522	14.2010314780213	4.52111374712281	13.5127799667632	2.04350525397084	7.18744862369562	1.62441081762606	4.00044462183404	1.85118300434571	3.26024110536873	2.98338561603768	2.68159162509118	3.3252366352262	3.2437276707635	1.57806136915571	1.06178141563835
ENSG00000253659.1	rest	ENSG00000253659	14.2404508283703	4.49831081201866	13.6273235317935	2.42231726380823	7.12699905528682	1.6056199290256	3.99921243419048	1.88442539946105	3.25455159012787	2.97023645138694	2.71004852193186	3.32651990831899	3.24300338448719	1.57609382168257	1.06174880855831
ENSG00000254166.1	rest	ENSG00000254166	12.4228879300367	6.0471595171682	14.2541758709862	2.42071288094571	7.23676734200808	1.80023771281154	3.84963904391847	1.68278234462883	3.03816723701199	3.21817883636257	2.86148348002497	3.25290189094571	3.22861062570768	1.57512783084512	1.10153201253145
ENSG00000254277.1	rest	ENSG00000254277	13.4885599887748	3.55545566504394	13.723875940397	2.42161328441598	7.14142402346504	1.72354592339771	3.99976981828326	1.85430951652205	3.25385414525231	3.01307802046678	2.66508637624009	3.33318801862554	3.24301373869721	1.57290389124726	1.06541488201102
ENSG00000254337.1	rest	ENSG00000254337	14.2324787585703	4.50004156254653	13.6215924341849	2.42252752772833	7.12787089924513	1.57592820249633	4.04508374357858	1.90218453692635	3.2558519278379	2.97686951909663	2.71603398291407	3.32534370634887	3.24152649746099	1.57637944747873	1.06136861478801
ENSG00000254339.1	rest	ENSG00000254339	12.5801559626394	2.41896224774164	13.8376285435952	2.41973417596477	7.1575220077877	1.86507430046622	3.99938460727135	1.82843802592511	3.25499038434513	3.04476748514865	2.63962561643774	3.34058929417052	3.24665459652726	1.56949308629514	1.06926460743619
ENSG00000254934.1	rest	ENSG00000254934	12.187772485618	1.92859481143351	13.8871163197796	2.42001891801322	7.16418813661856	1.92613707355161	3.99917677631846	1.81729144818404	3.25509465716668	3.0585033309088	2.62869540154996	3.34363275215917	3.2482022636729	1.56802595009446	1.07097544762878
ENSG00000255135.1	rest	ENSG00000255135	13.9977224051037	4.45623091042793	13.5870108680012	2.32346236353391	7.0364673393402	1.62349157775661	4.01224167675902	1.86979528334164	3.26357749652497	2.9769875769355	2.67589756918802	3.32284186390135	3.2415129671208	1.57409914129805	1.05863683363298
ENSG00000255248.1	rest	ENSG00000255248	14.2136011093815	4.51272952284103	13.5919483110782	2.43322464523251	7.13947692535507	1.60067300287185	3.96339643866785	1.94430552753755	3.25019417174466	2.99430806616751	2.67907196425484	3.34162501245241	3.20596620485477	1.56057524255123	1.06852663024487
ENSG00000255717.1	true	ENSG00000255717	12.3390357963186	4.51500635207885	13.4255086857738	2.12366894864015	6.63480765161769	1.77672542011047	3.98203088943002	1.71486303651149	3.63200375175271	2.82121651563961	2.4846218382738	3.29648094048541	3.23094896776202	1.5749645547863	1.0094699260095
ENSG00000255794.1	true	ENSG00000255794	13.938089056634	4.11924032452402	13.6670456236478	2.42051301385588	7.13374256675779	1.65355861924526	3.99996205930566	1.86700501909134	3.25388289441735	2.99716507471393	2.67748951015404	3.32959427348306	3.24123398243338	1.5746019015872	1.06345087917818
ENSG00000256162.1	rest	ENSG00000256162	13.9466423192866	4.74994867497281	13.7303948714978	2.42829553326975	7.14478303634796	1.63799713445945	3.97664530422528	1.8447192993437	3.23155979583842	3.0194467116567	2.7102229383236	3.31777995331415	3.23824425368421	1.57540104536662	1.06718303262427
