gene_id	withinSubset	lncRnaName	Comp.1	Comp.2	Comp.3	Comp.4	Comp.5	Comp.6	Comp.7	Comp.8	Comp.9	Comp.10	Comp.11	Comp.12	Comp.13	Comp.14	Comp.15	Comp.16	Comp.17	Comp.18	Comp.19	Comp.20	Comp.21	Comp.22	Comp.23	Comp.24	Comp.25	Comp.26	Comp.27	Comp.28	Comp.29	Comp.30
ENSG00000088970.10	rest	ENSG00000088970	68.7324616889148	12.1646744940727	12.1703499466301	8.61646584241253	6.08882288223791	4.97236714574774	6.17475966110836	6.3048677387924	43.9673868175444	5.51042265887051	24.1344664195041	158.42797897767	76.6074632990133	14.3301914034968	2.37962678703692	3.5584037349625	38.2399000810818	61.1693531820872	2.65824628081765	18.468770371113	4.22406171880913	4.09083870805035	2.74137502472524	4.25050185664753	3.06535521958999	1.12768688861414	1.21021364640998	3.14036542839694	4.45943552347575	2.79370674864667
ENSG00000100181.14	true	ENSG00000100181	68.8913715635189	12.0012864821798	12.2196874723204	7.79467713564475	4.78579183766728	5.37635848263467	6.10344932239345	6.01453802222565	43.9506172424483	5.3751844433809	23.8322608601224	158.446305967781	76.4432709289908	14.4557727510227	2.02659070722409	3.79240068649121	37.8380594996412	61.2394001312271	2.51297207198861	18.5195541046938	4.19333459703935	4.10263316514079	2.62196691543227	4.23386544989523	3.07274472644195	1.14174459221315	1.20776836440879	3.14591700207027	4.45693391726501	2.79814261761225
ENSG00000104691.10	rest	ENSG00000104691	68.8114722133144	12.0585266309052	12.1524387707891	8.4996256701708	5.37453745389924	5.25220950015266	6.45530331986735	5.82920927160428	43.9837607225068	5.2924916847804	23.7826461690103	158.496011250205	76.559229566107	14.3982359116071	2.09383462951362	3.71321392148517	37.9273032044593	61.1088446615238	2.62631159648506	18.5208690276976	4.21943840439048	4.10418808687831	2.66005748004063	4.23456673558485	3.08165028786017	1.1338754360876	1.20718059964999	3.13618522688236	4.46359922647457	2.79994411711943
ENSG00000126749.7	rest	ENSG00000126749	66.501715135503	12.3592200087305	12.084850384577	8.70367145213843	5.39613574564681	4.84900797459345	6.70842921235958	5.44929230268168	44.3672692744357	5.73630248744461	24.0206793580029	158.544829650049	76.8333381632479	14.6746750129586	2.27568349878594	3.34065740614823	38.1272052996455	61.2572453190223	2.62641003779577	18.7624625002289	4.11198292874839	4.14128736792366	2.6413334738921	4.26865747996188	3.06919525842399	1.12693147142964	1.21528072801739	3.13618952088438	4.46651049024822	2.79251141570887
ENSG00000130600.9	true	ENSG00000130600	1	1	22.6096777053549	54.749352017736	14.4326631511704	27.2082966509107	58.5728834417037	29.6125359739092	1	68.286299872028	1	1	1	1	42.6625044396015	74.7414483663187	1	1	43.2191801496957	1	10.5532814803191	1	16.6353075634994	1	1	3.74456766313164	3.90299995812105	3.94851260676392	7.74529976865376	7.31723545462485
ENSG00000142396.4	rest	ENSG00000142396	66.3124455169036	11.9375231861278	11.8144176119086	8.37365235076961	5.67301897114334	5.34652170031277	7.07415596789102	5.57995777234147	43.9739020206893	5.07526317221422	23.9183658628215	158.325540183196	76.4881605914649	14.3609992728861	2.29513123671933	3.57291149960326	38.0534471136053	61.1820947168857	2.59757741929039	18.4620966595678	4.2428044757747	4.08107891972216	2.55526642442582	4.21476484104234	3.10016270320572	1.11327951574947	1.20946868635911	3.14607020809781	4.45418860422379	2.79929060704302
ENSG00000170846.10	rest	ENSG00000170846	68.475317981725	12.2044863494399	12.1819996967303	8.16545665683688	5.12127355858336	5.40148821890634	6.30462069117561	6.12105302981807	43.9599893838498	5.26698950732693	23.8323817048595	158.336247605762	76.3227976915032	14.430575624354	1.81219695987764	3.4725829779444	37.8497978500309	61.1454734320438	2.61129841935502	18.4639531743667	4.28407041746774	4.11795399200888	2.60837181049557	4.24310818789608	3.07139025532419	1.13642773915454	1.21569420078531	3.13565840118432	4.46485117376425	2.79749829608378
ENSG00000172965.6	rest	ENSG00000172965	64.0038643690796	11.510420344068	12.8383582261747	10.6521557460209	6.30807621339863	7.38729556899052	2.85597966082436	5.55427058624131	45.3745889312611	5.13290179772957	24.6751391309366	157.612351929242	78.765558542871	13.5485298509985	1.16202435438271	3.48187782072057	38.1090245773798	61.7227716266604	2.11839203193695	17.4237975444997	4.04816113430784	4.3005743056425	2.6828225644155	4.26197589300907	2.92856421908357	1.17983407989302	1.14112800517973	3.08709113454413	4.39988280944663	2.85653383789378
ENSG00000175061.9	rest	ENSG00000175061	40.2904304471045	16.6492398482531	10.8255695951049	10.9202854815149	9.42337262098558	10.5544776188605	2.39661694160286	8.14561439318967	43.4114763381628	6.47640866024898	23.643228859247	158.955298661594	77.9521661424155	13.1866582544802	1.36587405395584	2.55684892903471	37.4957823469924	62.0618981809913	3.59912685355999	20.3675837345748	3.48245312578379	4.83337505468841	1.56558547073371	4.4338735962667	2.54445814149846	1.18941552532301	1.19810583738815	2.94569388207021	4.05204378793126	2.60824673204123
ENSG00000175772.10	rest	ENSG00000175772	69.125302103523	12.112709764708	12.2114928482462	8.68917496270758	5.49894029086199	5.10689567205064	6.58232567062326	5.49713136079963	43.8719834527791	4.93784876702999	24.0407827516794	158.300801501523	76.3499412175345	14.5610381353459	1.55433219323474	3.3016827347164	38.1007676151539	61.0439111695607	2.63021555093104	18.4938852062718	4.35064119481227	4.1321026615266	2.58839173260611	4.25110297281293	3.05168270434736	1.13949492775373	1.20865437898449	3.13659909722057	4.46602216486358	2.79494386713626
ENSG00000180712.3	rest	ENSG00000180712	69.3061629080587	11.7603855492399	10.0152173260601	8.65233703676587	5.69350436382786	5.33754680410262	6.37072559818251	5.68831714037003	43.8991027439573	5.26701976273755	23.668619339958	158.483455765026	76.5913312900183	14.4714222939431	2.00892272827639	3.72182933032978	37.9286109242097	61.182969922931	2.69260259618134	18.4851751642686	4.20810995524452	4.10919150675184	2.64058365206178	4.23075334015073	3.07314091396257	1.13652964928261	1.2101321622683	3.13927233722631	4.45943701667671	2.79630202758033
ENSG00000182165.12	rest	ENSG00000182165	68.1248823327562	12.1686845379706	11.9707615667714	9.15229806848938	5.63865219230351	5.07804659115613	6.22969509285802	5.84700273133909	43.9862645806928	4.87073357085388	23.7894132647568	158.367815774843	76.7132897973093	14.5698741642668	2.11576551258825	3.69574352229634	38.064654442758	61.5089121556045	2.37632843584312	18.3183035065434	4.21140602562086	4.10079659174379	2.63508783194376	4.22518798924638	3.06230741710867	1.12506511148802	1.20004676777829	3.13628627772794	4.44880462362508	2.79698331376225
ENSG00000185044.8	rest	ENSG00000185044	69.0846721117645	12.0257533459333	12.2556796223625	7.9951589390799	5.18495706072867	5.19394634369711	5.73383677097461	5.35035051348934	42.2446718684266	5.53114439041063	23.3984866674018	158.392090680067	77.1137760370195	14.698262872666	2.25806405747699	3.39398498044571	38.1031986741902	61.0734327532245	2.58898955884673	18.4043662540207	4.1887369090184	4.09270933829166	2.61988906211519	4.30125263542726	3.09826356136083	1.14003464709898	1.21239669709739	3.146781266196	4.46506347554353	2.79650200503803
ENSG00000185433.4	rest	ENSG00000185433	69.3870197892417	11.9459631596543	11.1435250970056	8.68166899893638	5.53785797798545	5.23948084395076	6.41539417364639	5.67607934500762	43.9474878855257	5.28004805631197	23.7098846835435	158.486355256487	76.6114615584938	14.4628402637855	2.0299257356053	3.71473456430643	37.9357584109016	61.1438273676302	2.62553945741042	18.489674026788	4.20924403920547	4.10840661553803	2.64952544270006	4.2313899936363	3.07338455768174	1.13875500790766	1.21168956083732	3.13879112512923	4.45903974745858	2.79593082985728
ENSG00000185495.6	rest	ENSG00000185495	69.0454231413294	12.1581481636811	12.0038245081727	8.25357569170561	5.34551110226155	5.35532335619023	6.2838465466631	5.94203692510607	43.9924665860663	5.26132527166508	23.8075885640314	158.482129790177	76.5318524267931	14.4232000659392	2.03788357133359	3.68985813775664	37.9229650464999	61.1362995765878	2.63390527019435	18.4912160340262	4.20545629593494	4.11260679630723	2.65373238552023	4.23561835477267	3.07885373035229	1.14121049844799	1.20647298271019	3.13686996703456	4.45622457299459	2.80057363559306
ENSG00000186594.5	rest	ENSG00000186594	67.0414839868025	11.8245087362872	12.382177246379	9.85810909509396	5.46158465150877	5.46007079376914	6.82210563316184	6.15552493350421	43.6930261520093	5.99449372478882	23.4788185832552	158.52060887983	76.3317362782853	14.2390706063063	1.95926901213673	3.66108027988901	37.7049626529902	60.9004106458703	2.72593505588692	18.5539878469127	4.21779215091694	4.08756664875498	2.65585794983214	4.22897743443792	3.07253104757397	1.13131558411706	1.2144783988116	3.13964999175811	4.45169330788027	2.79277213636458
ENSG00000187156.4	rest	ENSG00000187156	69.2660591489886	12.0788116565595	12.2042621139763	8.40223561277808	5.22442150614649	5.16079898410121	6.33256347216696	5.85964401875693	43.9426077642845	5.08755403900604	23.6022128510896	158.467524416523	76.6120608841027	14.4515865090095	2.09446099264889	3.75639599279221	37.9138217536929	61.1284595456834	2.60233980519021	18.4731726607433	4.23256262704366	4.11388995158803	2.65338790627311	4.22314039006147	3.07076190451612	1.13571173083525	1.21323660429181	3.13925098695678	4.45790258072923	2.79580915431865
ENSG00000188338.8	rest	ENSG00000188338	69.087505126652	12.0820352957323	12.4001087570392	8.17395734763373	7.20060889155678	4.4811570705345	5.72393265519471	6.52742499154345	44.0464395162249	5.6597029968425	24.2303563059803	158.414353238111	76.6177139010863	14.3500128083166	2.31811124231339	3.56949189411746	38.0885677118208	61.1167573570916	2.67570470262402	18.4090101915091	4.26902107659682	4.11706199014137	2.58247427713253	4.2010192417427	3.08475545347931	1.15028540831776	1.21396399730891	3.13924272885875	4.45745015259049	2.7967584432584
ENSG00000189223.6	rest	ENSG00000189223	68.3929270152637	11.9550558747922	12.0796848843413	8.94075407312764	5.29426401978949	5.52298536202078	6.25751271494563	5.80025852952919	43.9308835656636	5.38011242687735	23.8574331314506	158.226202052415	76.416544319973	14.840241485927	1.84477745162383	3.88361863513566	38.0977593367187	60.8986924161642	2.73731193763259	18.5391272983399	4.19756881482496	4.10500492105074	2.66272552294527	4.21555178097854	3.07032529813813	1.13641320449745	1.21526491051373	3.13259795538106	4.45290663739154	2.80245528759502
ENSG00000189229.10	rest	ENSG00000189229	69.2865677910969	12.0922183287408	12.2112466337155	8.33087187692454	5.36602016392397	5.22892479844826	6.27316984928604	5.62656767087414	43.6526787394603	5.37923777096208	23.6614238453795	158.471156249835	76.7230310549021	14.5050036772327	2.07600322969633	3.67439512679596	37.9703180536182	61.105443713063	2.55965795712084	18.4764697053498	4.23084589478983	4.11091556686741	2.62302790986626	4.19180147842974	3.06871395730635	1.13694584324917	1.21557664520529	3.1425023107149	4.45784908429717	2.79428734789217
ENSG00000196756.5	rest	ENSG00000196756	67.7524739154327	12.4139560973008	12.1933510905282	8.19958407244975	5.69896440053428	5.09730636126769	5.93226788594162	5.21965854881693	42.556728818865	5.43844285669096	23.8097304320002	158.23515475068	76.7881001070688	14.3671066305725	2.13499439352651	3.68506081352853	37.8651138782959	61.140275404254	2.59923130983702	18.5858250000641	4.28479482684719	4.13563690216878	2.68429667220246	4.1356275358542	3.06330759686102	1.1187066359528	1.20323348161142	3.1264251249727	4.45728035285491	2.7970254519655
ENSG00000203279.2	rest	ENSG00000203279	69.2442061386696	12.5520342442891	12.1181687842067	8.599475097075	5.51807205671257	5.14075993648917	6.42747148884442	5.75221105083676	44.0180682862214	5.27571332573759	23.7835800676728	158.466371984179	76.6485311900727	14.5063348365585	2.147328839561	3.62075436833689	37.8909679661809	61.1597528984985	2.61163242823894	18.4515843546765	4.20545145011579	4.11109856639849	2.66951140837738	4.23215359631285	3.07656887007665	1.14076100142353	1.2124126168071	3.13708465538152	4.45688934744802	2.79626083854685
ENSG00000203499.6	rest	ENSG00000203499	68.9969184493093	12.1287111623211	12.1784892131924	8.63066848004913	5.38197856310186	4.85034368551824	6.59396680994448	5.47487269225381	44.0184914339407	5.19422324500595	23.9166065109916	158.224239165328	76.393738550842	14.6909730499193	1.62759638213644	3.33019442964644	38.2177777907425	61.1559124050955	2.53914867699532	18.4728084441332	4.18780711346542	4.09470147951323	2.64583490379756	4.2057059585212	3.09914254980402	1.14275935417326	1.21333109202155	3.14033923052472	4.45671337757684	2.79650315005996
ENSG00000203875.4	true	ENSG00000203875	61.3373565805379	11.7114286885577	11.5182735900426	7.92827374720141	4.4013571072459	6.49303719781542	6.48075091796408	7.64920510162299	42.9406354564228	4.66010946808463	25.3057944966916	158.221693349673	74.9991419155196	13.1393283838426	1.92123025642636	3.57248395295396	36.0764537748454	60.8634091027723	2.92930847162218	19.9201845033744	4.31780487914867	4.15687765240777	2.16929705441068	4.26766114238927	3.34034170154209	1	1.20822052226533	3.18816577231816	4.49131672289743	2.79500730055619
ENSG00000204054.5	rest	ENSG00000204054	68.2768380022863	11.9518047167159	12.3933963913362	8.54867728816581	5.97069599994962	5.40489840050759	6.29584293989166	5.76943984964344	44.0350470807846	5.00481299908222	23.5261555734997	158.410721623356	76.7242738220357	14.4661868210623	2.02219332395429	3.71646775018653	37.9319519266527	61.0536861564375	2.65444785902555	18.5997496805078	4.1381967177564	4.13253473540103	2.55619280348374	4.20443380783648	3.09525880148057	1.15477035480436	1.2081686235558	3.13702374586866	4.45685303714159	2.78879619561547
ENSG00000204272.5	rest	ENSG00000204272	66.8309791410808	12.2599512415412	12.0583781442098	9.55407271616347	5.44246944374886	5.07006606555186	6.69194765280513	5.53181952140807	43.8290182212137	5.02029931359732	23.8784365972629	158.494574060286	76.577558860404	14.4346172366764	2.12310935898087	3.8316639639965	37.7167063720977	61.0370284598164	2.62134131870826	18.2982085968407	4.24010309060807	4.09317402869733	2.67159250964269	4.20958498854477	3.1135462398504	1.13931293708744	1.22469771631854	3.13955458035597	4.46579929549105	2.79181490494035
ENSG00000205662.2	rest	ENSG00000205662	68.2288338711165	12.1193526513499	11.7616100099759	8.32198643137379	4.94140392415816	4.57321345536099	6.1367387225135	5.85354818668088	44.1250573706386	5.06443529284689	23.4569311254151	158.653722459353	76.6621305748474	14.3914742934524	2.02952860162881	3.69104162316015	37.8665466582981	61.0230295963552	2.64021651990664	18.4476538948565	4.27221851826204	4.11537115342656	2.6458371280017	4.21373856815881	3.06789815185483	1.12809876308839	1.21485874548949	3.13659433747242	4.45715853672729	2.79840006554251
ENSG00000205663.4	rest	ENSG00000205663	66.5948056756495	12.2055950777901	11.2457624739353	7.98018402504401	4.34296200914695	3.62399021967818	5.62804987742972	5.65024147528583	44.3274470542664	5.304948496778	23.5398146645171	158.725595898233	76.6825265478111	14.3927768805589	1.9223673496423	3.69341568317168	37.9160906068347	60.9633869816056	2.75840474097818	18.4394033308195	4.24462705332485	4.10732285481329	2.62051552986008	4.22963646828962	3.07325043949429	1.11564911211373	1.21200808298795	3.12844702370291	4.46245663735547	2.79140650805523
ENSG00000212978.4	rest	ENSG00000212978	68.0781482746842	12.0019499257354	12.1683374456758	9.13381065743452	5.41116253748808	4.94354353666197	6.62106910247067	5.63238766237167	43.969197085791	5.43997778445858	23.7085631576271	158.282667325823	76.6102655203332	14.2094387114809	2.07999548587502	3.58068444058015	37.8446830155581	61.3701080067477	2.46542388875671	18.5430086480371	4.16861323133649	4.09162321920797	2.62180852552233	4.23565177306443	3.06391738458538	1.12292036812275	1.20794454118247	3.13578190858521	4.46066349383628	2.79834562024213
ENSG00000214049.3	true	ENSG00000214049	67.8912128204608	11.7542668000661	12.4764929814778	5.5472145654489	5.27616637568299	6.30161696977232	6.85369953894751	5.61206158528743	44.5284821964583	5.56841623005385	23.3541710221476	158.446000510334	76.8262772165948	14.4936874055937	2.28754642452267	3.60642352925184	38.1424019248083	61.1057706529568	2.62562253104485	18.3800954474276	4.19791849381747	4.09993655673271	2.61351900311776	4.20944613427215	3.08935117524527	1.13523690289201	1.20439150890926	3.13309204534595	4.45779438425034	2.79602168262811
ENSG00000214548.7	true	ENSG00000214548	66.7914470454137	11.8002618620697	12.6053091054389	10.6637029511334	5.79363880940568	7.08374445495495	5.53050753508279	5.77519974921626	44.0511329549862	5.26791165928705	23.7479718818705	159.064332140096	76.7540747525907	14.7290356778491	1.90016281141251	3.97035367562268	38.1344621769102	61.183527698619	2.48883933720724	18.2837112737764	4.18522660475939	4.10174162276335	2.60928362505243	4.22901281819891	3.06658717858353	1.13095420766207	1.21490575879201	3.13695825549042	4.4667046511965	2.79099145257957
ENSG00000214719.4	rest	ENSG00000214719	68.3060940906688	12.4254248597431	12.1310590229158	8.84396239221334	6.11514922061429	5.11424983804425	6.20633551255524	5.772904473809	43.9364864013687	5.19297886833075	23.8386576173037	158.396374830916	76.6628261166559	14.1519746076092	2.07157122215351	3.84011524548354	37.9780238826644	61.1961319948153	2.61509614849715	18.5214456007816	4.21474209803479	4.12762528111665	2.57670009863067	4.23083667914511	3.06334089322053	1.14406607991545	1.20559533518221	3.14071541119811	4.45634241779262	2.78638874302899
ENSG00000215417.4	true	ENSG00000215417	68.6572889159447	12.0521556385068	12.0550197728612	7.03344566136804	4.64815744892397	5.7991284946883	6.0251914028285	6.2248115099554	43.9227875767425	5.27793164658048	23.8045427744045	158.452783305571	76.3855641579417	14.4198545474838	2.02040450184648	3.78906428887225	37.8156447597807	61.17098696635	2.58309288016655	18.4760482590404	4.21727261196739	4.11474838168385	2.62398902426808	4.23218782258468	3.07408551087241	1.12752446324886	1.21234246828001	3.13677950144921	4.46282116613151	2.79690214449998
ENSG00000215447.3	rest	ENSG00000215447	68.3766299926769	12.1576942671269	12.2799895221517	9.01132907344452	5.64901436034704	5.24843102593141	6.38672118492486	5.99309758845727	43.8576808194203	4.99308194570086	23.4159541472747	158.358860106416	76.5413541271482	14.5476593688585	2.04277322991008	3.78895378239699	38.0791634038007	61.0224291981268	2.66829818219182	18.4945227757809	4.22354360016589	4.13519525721619	2.6492399732793	4.24442546397641	3.08271585924725	1.13965838540188	1.20492358970497	3.135255296869	4.45719515676153	2.80371294107294
ENSG00000215908.4	rest	ENSG00000215908	68.5098087614215	12.2327130137355	12.1841811800495	8.42447461918297	5.68908311453539	5.29316207829452	5.79609372930421	6.10337567341719	44.166792435264	5.02655607569849	23.9186463135451	158.254074173487	76.7861205758932	14.3951083801068	2.1401716523285	3.64097830974762	38.0149539264807	61.1274676175677	2.67893478942915	18.5350377754776	4.23816140551444	4.12831487337391	2.67096956210786	4.2366001951218	3.05841928026089	1.13067877576169	1.20683545500975	3.14018921613255	4.45830712958253	2.79437436918284
ENSG00000222041.5	rest	ENSG00000222041	63.7171762035333	11.4769967210709	12.6691366923926	9.79109577139551	5.4255720143719	7.6423211794214	5.29916273787277	6.84440393854457	43.9939763694098	5.52843217938292	24.3962037773398	159.748405614537	76.4008985517887	15.9382792621178	2.29217551158242	4.68954152812202	38.7534061042693	60.7795723840209	2.71064148066702	19.0479287026255	4.11134483077659	3.95486090222383	2.42988472463537	4.2661745939727	3.07274216714564	1.05923037300841	1.20118530299424	3.15337050691662	4.4346686950718	2.84997141658093
ENSG00000223380.3	rest	ENSG00000223380	59.9825211680276	11.0197905977395	12.2584440536628	12.0776174947057	6.32027433662991	8.1047446894839	7.67531553369544	8.31652718122883	42.9537348425583	7.34109111988612	21.2013489874258	159.600578639436	75.9973115122917	13.9384037258418	1	2.54014208320866	37.9170426825188	60.8973923055577	2.89389927950293	18.5628312396159	4.25802136587518	4.25608227549737	2.53508278725825	4.25987259740129	3.05543787879015	1.07229474357139	1.2017507942331	3.13871973577135	4.36049183391495	2.79690535668256
ENSG00000223414.1	rest	ENSG00000223414	68.8446001440112	12.0267214464971	12.3134355212847	8.02410908824535	6.0347149684185	5.43311121703118	7.25187581518303	4.97838501178369	44.1468447421779	5.14261254147309	23.7839360654467	158.67295212346	76.9174869540932	14.2636544204755	2.30335466261152	3.55278859402228	38.0190120641748	60.9413683819328	2.73697415437981	18.3489080405552	4.18115803363516	4.10524720395444	2.62720804744271	4.23197787090989	3.00409202685856	1.14191107385303	1.20676484280261	3.1391850315001	4.45933182046768	2.79860939244203
ENSG00000223477.1	rest	ENSG00000223477	69.1957424194537	12.1016386064103	12.2002747179513	8.66786240322548	5.4732654521582	5.09261909005151	6.59886667952868	5.47575108245602	43.8597018639329	5.08224642087912	24.0266116493181	158.631412046973	76.5770600925782	14.2988320004888	2.09236786786442	3.73966342114796	37.7903047264437	61.1057405339248	2.60801712938992	18.4839986519064	4.19167003706872	4.10323526460492	2.65045399469487	4.25294248643698	3.02160898660193	1.14203860997346	1.20937527754068	3.14759294281581	4.45769685003817	2.79642078417769
ENSG00000223573.1	true	ENSG00000223573	69.2174728657211	12.1132919972912	12.1796959391278	8.67324536303686	5.39738611161555	4.97932506895807	6.51487332703495	5.57003034718695	44.001102135829	5.22493009722885	23.8364963894586	158.349273568968	76.4984717847558	14.5926233823989	1.80004385045157	3.49738312106894	38.098522301843	61.1555223898158	2.55745466971572	18.4868072559541	4.20267955404242	4.1010281741486	2.65698438389323	4.22204285801423	3.08524263883679	1.14201233118624	1.21199622767304	3.14198152500544	4.4571764653234	2.7953274771156
ENSG00000223745.1	rest	ENSG00000223745	68.9069100130658	12.0662797874727	11.7706164403827	8.41631699710904	5.34922735971351	5.21041638840226	6.30352747681946	5.92659816424984	43.9338733243893	4.97096287957951	23.6134829467241	158.502993040922	76.568345749975	14.4215065467004	2.09978759088949	3.78997099882961	37.9610337945649	61.1085101643691	2.63495297311144	18.4974593880492	4.24320348381863	4.11747079416986	2.63928992695619	4.23117581731158	3.07586943799984	1.12991979817938	1.21216124298984	3.13857463676093	4.45783679293957	2.79766761560015
ENSG00000223768.1	rest	ENSG00000223768	68.4012981154496	12.128555878637	12.2614960574653	8.94282891528218	5.6338543272486	5.33353423018838	6.43386375115773	6.00700316653492	43.9521050036469	4.94754471380049	23.5174143083799	158.37119206212	76.6386645129877	14.4712391597827	1.95827823927994	3.5193162662718	38.0758696389668	61.038446908407	2.67678769504339	18.3586762162561	4.32422910610691	4.12057728818818	2.67161899556152	4.22437247764439	3.05719088699386	1.13019850992998	1.21010225306512	3.13994684711054	4.45384589369562	2.79782778896863
ENSG00000223808.1	rest	ENSG00000223808	69.4094462423713	12.118050238613	12.1932094327866	8.69983639470414	5.42320463886949	5.13278179392479	6.4916250212065	5.6637592795727	43.9561013628998	5.19122019123961	23.7963133238939	158.373193769598	76.5090175282755	14.545394662879	1.8251197012877	3.52622834527289	38.0561705521543	61.1113558440101	2.60200051426813	18.486599292081	4.28050415415834	4.11917859721072	2.62952132830818	4.24077894461004	3.06482007366986	1.14168383444874	1.21162111161776	3.13715582267495	4.46202115919183	2.79516199964018
ENSG00000223812.1	rest	ENSG00000223812	69.3453681367391	12.0943368313131	12.1938120274278	8.48073132413839	5.27287912761456	5.20749155987852	6.37201113455299	5.78712510774306	43.9943173912764	5.24045035635309	23.7280482285027	158.482027059015	76.5858528759233	14.4490456432935	2.04865699761255	3.7390285406334	37.9163184519196	61.1356079369673	2.595511303043	18.4888191719756	4.21523190014054	4.10861760682476	2.65317319639578	4.2314006188917	3.07316489356849	1.13774617890179	1.21273396453537	3.13838848656361	4.45910840200874	2.79609280099391
ENSG00000224032.2	true	ENSG00000224032	67.6003133354507	13.3285817033911	11.8773881767978	8.74516552055399	5.90409474433743	5.84178882066245	6.21642316606517	6.05620811098064	43.9126984587376	4.77209868514596	24.1780385840583	158.679275398112	76.6581895570276	15.2172422335216	2.24690719582241	3.66844710935689	37.7176124257318	61.0095791149424	2.72043605683352	18.7298423975536	4.226645790141	4.12094133141847	2.59219413248314	4.25351185247431	3.0649328101839	1.12334219854833	1.21256712303601	3.14877959982217	4.45276938423558	2.79863245094068
ENSG00000224137.1	rest	ENSG00000224137	69.3561084798942	11.8584240074159	10.6272891626855	8.67099334583083	5.60523541018934	5.28940411985234	6.40176028366098	5.68647193796669	43.9327318113301	5.2705432810201	23.6917131392042	158.482084714868	76.5986306915129	14.4637613418862	2.03428043705326	3.706546998812	37.9277686981638	61.1083986788864	2.56531865841361	18.4946202829984	4.20886040460792	4.11102730483532	2.64345920951467	4.2302175735073	3.07351047113129	1.13960819114193	1.21160058959611	3.13868948944686	4.45863190794524	2.7959593577787
ENSG00000224818.1	rest	ENSG00000224818	67.5084321888458	11.9779413765743	12.1959506764957	9.45005865352894	5.41934536663745	4.85176059301652	6.73531354190317	5.81419395016147	43.7932263061017	5.70538618356965	23.7079806518624	158.067576414447	76.2143303444725	14.6614519358603	2.07105051317467	3.99563887026066	38.0037709141022	61.1020800957153	2.63190076785428	18.3855287701455	4.22020370321158	4.07831627033246	2.69198103060016	4.22692670074249	3.05700065879672	1.13918777912739	1.19630254674095	3.14917209079753	4.4654597660597	2.79784643423697
ENSG00000224930.2	rest	ENSG00000224930	69.0487950451178	12.0419022300339	12.2909679117907	8.37108856458136	5.87982826402368	5.28049329446757	6.86751042778516	5.38482550422227	44.0970370937799	5.52285502428182	23.4970506977569	158.179306770446	76.6644916429956	14.4867445362125	2.17717113724984	3.81139185710339	37.9517203065061	61.0414640386193	2.64540464019337	18.4168750503692	4.20597460373273	4.10017751452586	2.59571044943987	4.19823588859897	3.08189010053725	1.14924927210439	1.21614302953463	3.14032250689713	4.45782304602793	2.80000405296292
ENSG00000224959.1	rest	ENSG00000224959	69.0674252865714	12.031209556553	12.396176176704	8.67166786331373	5.99146096141082	5.54114775558189	5.13181984598261	4.63090743526066	44.1855904454137	5.24346207287637	23.1848573802581	158.691648376103	75.4812986968361	14.3737619207927	2.54094999363114	3.41484407143908	37.940175891181	61.1506939924255	2.64830023906453	18.5426304874379	4.2536711261017	4.01712361811636	2.65333864697059	4.24240103464775	3.05105187397802	1.1392394158596	1.20710275815931	3.13327208166038	4.45385277260055	2.79354169258903
ENSG00000225135.1	rest	ENSG00000225135	68.9779121008309	12.0344266886705	12.1883218343271	8.37609677769133	5.206161445491	5.35032640246816	6.33667119077684	5.93173476933563	43.9128008619102	5.28990313048758	23.6982171100369	158.527536867335	76.5407105201383	14.4217536515834	2.00109808680836	3.67157452430679	37.9095972235376	61.1537757410045	2.57776895135721	18.4545629188824	4.22811625559173	4.11236452107277	2.64590737765792	4.23255391710724	3.07120014332655	1.13274165938092	1.21080816125447	3.13689734849919	4.45481637043395	2.79609944221452
ENSG00000225210.1	rest	ENSG00000225210	68.2374116122292	11.8309909139656	12.5702884573561	7.41395245826008	7.39340140892613	4.38939821243588	6.11435609969257	6.06052401313357	43.7505421104202	4.53314622747434	23.3984509166251	158.392477848817	76.3667896430296	14.4980258763478	1.67832439483894	3.59749330423175	37.7189175161818	60.9807955437448	2.61180606942688	18.3859579791982	3.94234240147329	4.07581242590635	2.65577440264962	4.23305738059747	3.06004415479195	1.11734695739801	1.21225671708698	3.14261327071309	4.46793226929843	2.79969199398754
ENSG00000225746.2	rest	ENSG00000225746	69.3103061032924	12.0923027837011	12.2301968524086	8.84422576420158	5.45139981500708	5.32623442410915	6.16227959396939	5.44864798705093	44.0717299315824	5.2881351959097	23.6036517875152	158.632759332623	76.234870281672	14.423886616795	2.26588084325474	3.57104227546229	38.0268704922108	61.1574600518676	2.63540115655975	18.4486479875672	4.16473221038006	4.49606711959817	2.66250472556328	4.20203858328001	3.08642981851975	1.12899247906555	1.2121096876746	3.14750293514062	4.46787451081991	2.79954871566424
ENSG00000225760.1	rest	ENSG00000225760	68.9009880392699	12.2544130335191	12.1549049217068	8.432510803041	5.3439081351617	5.31312464612257	6.16296010714844	5.80535214851214	44.0797265100123	5.24596341446526	23.7714459497462	158.395509625079	76.6235778912313	14.435562875971	1.99322309105707	3.73682994381898	37.8699855108082	61.1567279765144	2.60991682082227	18.5104908842854	4.18418668369716	4.11699626192248	2.63700930229006	4.23486053170843	3.07607291028432	1.14421647897167	1.20063328555888	3.13388046266965	4.46223831210457	2.79592967109828
ENSG00000225791.1	rest	ENSG00000225791	68.4894306904519	12.1094503087972	12.1948176985431	8.94731534410813	5.59541137415565	5.3177637807135	6.52608043354329	6.02043717556925	43.8306495173996	5.18750531885557	23.5317819965752	158.484616844515	76.5427366477005	14.4892939899609	2.08903442796543	3.74507206587235	37.9923963872032	61.0417433702751	2.69359600862726	18.5810264735568	4.22627531892123	4.10403142307329	2.65248512982737	4.22777694939878	3.07354065671257	1.12940325650667	1.20957167789257	3.13960127538735	4.45307586624503	2.8058337154212
ENSG00000225873.1	rest	ENSG00000225873	69.3118260219742	12.080713548394	12.1865059690583	8.39484160630793	5.30265240412285	5.22984421734866	6.31052041732219	5.85226861605054	43.9993005921538	5.28020233438189	23.78646458521	158.473637352491	76.5738418867798	14.4347027956143	2.05634320798279	3.72909862587223	37.9233373129027	61.1397890442762	2.60218546255478	18.4860438110548	4.20963508322219	4.10839807397622	2.64735565347745	4.23371554909762	3.07487378584036	1.13818349394972	1.21224907820793	3.1381577071761	4.45935110499153	2.79613903076617
ENSG00000226007.1	rest	ENSG00000226007	69.2434151031753	12.1041705789277	12.1344834126858	8.72475723193489	5.47764518070163	5.1826790609643	6.52398473019583	5.52082776671385	43.8408344134783	5.01657111197669	24.0335316583824	158.567665743993	76.5861519517637	14.2635638192891	2.0482637919614	3.72184883547368	37.7683513658367	61.1006830625605	2.6192982010645	18.4809636777951	4.23171182158787	4.12249913067777	2.63385961728661	4.22692891685701	3.11079276641552	1.1372749363472	1.2081730578257	3.13573787194569	4.45703344718036	2.79454752228177
ENSG00000226363.1	rest	ENSG00000226363	69.1084737241264	12.0765986369044	12.2527620533236	9.0077987546174	5.47085615918536	5.62581107721762	5.67543699152431	5.31985356042681	44.3838959490532	4.99861407440005	23.9074774745724	157.961524348561	77.2262389114775	14.2130113099799	1.83056945511903	3.68123541682424	37.8378365576518	61.08585805219	2.62623251718522	18.492392428861	4.20105904999865	4.17542894178199	2.65801607136131	4.24577217173022	3.0461946890115	1.13942310124201	1.20936179828368	3.13102944229136	4.44898729311205	2.79390579223366
ENSG00000226453.1	rest	ENSG00000226453	69.2550517575065	12.1015018672551	12.2329420010003	8.45477514659348	6.02213949873779	4.9155337788868	6.18165616347131	5.94828829159011	43.9934631559088	5.42431592546913	23.8882999746757	158.461322802498	76.5856278882393	14.4418002725656	2.05671221920225	3.67631548375077	37.986671439732	61.1288376813552	2.61121811312228	18.4770618839377	4.23643388779694	4.11203838992023	2.64579659134756	4.2240680355786	3.08022864010186	1.13832172030246	1.21302725883709	3.13753564148636	4.45784961806696	2.7948108823088
ENSG00000226900.1	rest	ENSG00000226900	69.3018010521484	12.1509305621678	12.2159555718928	8.6909150308012	5.70570867684769	5.02206659042005	6.30955875211195	5.9883966872473	43.9881459781649	5.27025845100808	23.8687936713702	158.494534568435	76.6586133879309	14.4269561273588	2.21272759958155	3.62118601423964	38.0904020543111	61.100373145266	2.66662637133364	18.5078919377278	4.22229299130576	4.10366116385404	2.6819311769284	4.23696192393491	3.07128556387008	1.13852329698265	1.21086975976047	3.14055752952526	4.45915282377337	2.79421909898156
ENSG00000226950.2	true	ENSG00000226950	56.3456418989194	31.9871803838049	8.1745458385252	6.94335444389027	7.42331411222461	8.56944464251429	1	6.01518563455551	46.6315927554908	4.97867096506843	24.9836822393882	154.615213254995	78.80548878211	16.2672029836842	2.58229668100377	1.18333231887254	35.0303460847105	62.5573505882166	3.00565183597558	17.2486246714618	4.12167703369776	4.35547104115045	3.10001142250587	4.37682745283368	2.91922258907017	1.09695300139298	1.20570902136755	3.07246926467524	4.41690869806294	2.85079788699469
ENSG00000227036.1	rest	ENSG00000227036	68.2236614436622	12.0055837405243	12.1019103951571	8.79394006656076	5.40566230215317	4.24671502519874	6.48545214098269	5.35138341925702	43.95789369461	5.25075555625957	24.3920899770602	158.613959252567	76.4755570402509	14.4767007594264	2.12309075355659	3.76366474306995	37.9171383350236	61.300890186867	2.42840807060655	18.4537729848991	4.20996352328232	4.08343105176352	2.63935841075454	4.25000339817372	3.07894986230234	1.12320062124168	1.22118784686674	3.13479475865572	4.45672291564611	2.80384559832287
ENSG00000227502.1	rest	ENSG00000227502	69.3767686810241	12.0028258176828	11.5593026652589	8.66312742162519	5.62586755110417	5.15066584277804	6.36965429242759	5.7660227064665	43.9601255698469	5.29867970807566	23.8131614481469	158.479227467222	76.6172002219114	14.4193161507264	2.09082067901147	3.68051677331688	37.9669218217728	61.1181106508069	2.61422693679637	18.4857374052361	4.22298327554192	4.1079060150937	2.68871141203535	4.23907709870559	3.07293665877286	1.13693152970967	1.21115322707674	3.13922109449211	4.4607993167595	2.79543754308301
ENSG00000227674.1	rest	ENSG00000227674	69.3105400365335	12.033960310315	11.9715979053358	8.42462816009275	5.72653726657389	5.09346225030026	6.28118736105545	5.58718089070216	43.8498803998122	5.40641865871626	23.6282530491242	158.531812575248	76.6329391575303	14.5553827250325	1.84833261393582	3.87535329809394	37.8427315059794	61.4627137835147	3.06541283165404	18.4665728270094	4.22835830060058	4.1030454247302	2.58913125834808	4.21502364322057	3.07912267281407	1.12923442070284	1.21213300430369	3.14113950601565	4.45989930374198	2.79666581235325
ENSG00000227681.1	rest	ENSG00000227681	69.2789092225801	12.0714460025592	12.2127251866942	8.30653429301096	5.30502824072829	5.24413480586037	6.27270971001923	5.94997944688483	44.0253242643111	5.31161572437946	23.8518330424021	158.475681084287	76.53896292282	14.4142516381829	2.07748235956314	3.72064311373243	37.9387139708078	61.1416883947139	2.6091339548987	18.4799027355777	4.20892651184365	4.10750511900118	2.6531790458062	4.23628204517377	3.07318715436519	1.13816361466289	1.2114884885008	3.1368180828508	4.45872435373677	2.79547380596098
ENSG00000227932.1	rest	ENSG00000227932	69.2729266955212	12.0724326876386	12.205343955673	8.25282384453335	5.14253188153659	5.32168663801052	6.29924069369529	5.87292586175477	43.9975015265948	5.28785969935845	23.7794426647912	158.481994049659	76.5265497709156	14.4447620857382	2.02290787498333	3.75990797791017	37.8842610760734	61.1498365434955	2.58452826934924	18.4965763259746	4.20825534295021	4.10808668958204	2.64496920523657	4.23615082014281	3.07433314980966	1.13635650829244	1.2121646197517	3.13792025643342	4.46007637815312	2.79653276886173
ENSG00000228223.1	rest	ENSG00000228223	68.9771764962583	12.123343700679	12.1543082027054	8.37900867704951	5.37531371933574	5.42561187889136	6.52711474509453	5.68696259235271	43.9745945330036	5.32883910697949	23.7105675635839	158.531656818753	76.6514728997223	14.435689669398	2.05547153315632	3.6469664222425	38.0006886641859	61.0974597163766	2.6226121292716	18.4986231495373	4.2124217685888	4.10876436904986	2.65709983537936	4.23011301286702	3.07376869091968	1.13460554665223	1.20795927175822	3.13668924408613	4.45698668115499	2.79402089362301
ENSG00000228327.2	rest	ENSG00000228327	68.8415219875753	12.2894156509059	12.138676847828	8.34589906126683	5.44396803383764	5.12785343575713	6.20376428281669	5.79209727194789	43.8677904151291	5.22083767528577	23.7476279467217	158.445338494131	76.4685971868982	14.3929143554967	1.87808431193589	3.73787087809788	38.1234489437509	61.1311940752924	2.62722906443779	18.5046339366805	4.19752888494999	4.1094886834203	2.60522968574563	4.21328655177942	3.07986260883364	1.13467888616228	1.20786878658723	3.13851968003748	4.45752655685528	2.79464110978828
ENSG00000228682.2	rest	ENSG00000228682	69.4035128390551	12.0406239429951	11.7026884340099	8.67660689273247	5.46821207505297	5.15550949266133	6.40261950149284	5.61921449377848	43.9113836140761	5.32124342142884	23.7165806739922	158.519434047515	76.6449421324334	14.4820467736148	1.92522507595658	3.81062921410692	37.9722543560652	61.5322782970631	3.28176232665566	18.440193923835	4.203629819737	4.09045920684358	2.65711517929379	4.23539114765357	3.07249724422151	1.12659821351921	1.20796858258381	3.1409157741421	4.46291355247413	2.79690062098186
ENSG00000228709.1	rest	ENSG00000228709	69.1396710089993	12.8634711734401	12.1173593651135	8.59534698153768	5.79120323433826	4.89874123321976	6.21929980842544	5.96916412819793	43.9622782513751	5.07284439908904	23.7143453394327	158.466491050636	76.6571569912293	14.1593072720033	2.16603602618514	3.76883435067766	38.2163646991648	61.0598757560492	2.65292093835714	18.4671854824869	4.24140611517914	4.11015728333897	2.65916078627189	4.25834049288509	3.07568361228985	1.12780911916237	1.20611223973798	3.14167749178336	4.46147612602438	2.79587177206631
ENSG00000229205.1	rest	ENSG00000229205	69.2264223609762	12.0598673836804	12.2155660471373	8.14161496059987	5.08387015138529	5.35939645402415	6.21902660635493	5.87298128577813	43.872107087345	5.31008514971305	23.7650741431152	158.469955521193	76.5520125812233	14.4588851226517	2.03877655060397	3.73991749619918	37.8892030086768	61.1448571740943	2.5738836467669	18.494521657684	4.21499641540385	4.1078502039255	2.64049188055638	4.22300021832591	3.07156506464455	1.1348708445543	1.21305401373224	3.13948919185739	4.46020786772056	2.79606321225283
ENSG00000229308.1	rest	ENSG00000229308	69.0614180352746	12.0547729485625	12.2898379887901	9.08986581777159	5.51212032967683	5.78286032125699	5.30546627868906	5.00749839567165	44.5252238945286	4.95985722162511	23.769132288921	158.03314000309	76.8153849651758	14.1370030462176	2.09904062497423	3.52284763596401	37.894247218414	61.0875644003199	2.68081195127006	18.506703415489	4.25169510595777	4.02839836912457	2.62823237546844	4.21962168978625	3.12598662954308	1.13369384982605	1.21511743154421	3.15646247099811	4.46747579466645	2.80676618372718
ENSG00000229656.2	rest	ENSG00000229656	69.0563901260497	12.0923001150897	12.1837205544455	8.71155276577189	5.39865456451527	4.96658808026756	6.59663075441082	5.41375502008839	43.8340407438279	5.06925529276971	24.1805223663355	158.688796500148	76.5595488958498	14.2409793149201	2.09626361485513	3.74727836211768	37.7197380380007	61.0588807855788	2.62709551840437	18.4833065544681	4.21719648954697	4.11175954240124	2.62885789540426	4.23076565680364	3.09552638541956	1.13619695384039	1.20941819197669	3.13818493913354	4.45914418882533	2.79636623005708
ENSG00000229807.3	true	ENSG00000229807	67.2075927008022	11.0946565455311	8.08685887583119	7.71595351285975	5.01294884128643	4.28288183385692	5.88837017853215	6.70780666487506	43.5668710328723	3.34372171872579	21.7814174587824	158.405830049039	76.7848868516655	14.3059284704319	2.46000119816595	3.90278565600733	37.8265224555568	61.9742686918535	3.25844136580056	18.291726847177	4.23900966530055	4.13887507624813	2.53123342535622	4.57439056169198	3.19173037304412	1.15928646702917	1.20755937634942	3.14165356235965	4.47043196125752	2.78302270233523
ENSG00000230257.1	rest	ENSG00000230257	69.1017169587305	12.0321478177126	12.2310756927027	7.94081607241211	4.95619430732474	5.49924230667	6.08872077067632	5.96365523583893	43.9694850517693	5.27308055214386	23.8036398077197	158.422061427222	76.5236044221052	14.4217014919071	2.00245634607328	3.7773738189662	37.8388639947259	61.1558590201367	2.57435352256899	18.498004719323	4.20960582953232	4.11324796828871	2.63299875791911	4.23196041570336	3.07197055857298	1.13325949153039	1.21205940167645	3.13811364574635	4.46028227128141	2.79704841161368
ENSG00000230724.3	rest	ENSG00000230724	68.6871108840979	12.6796228821536	12.0581545872791	8.34893588900757	5.25411306091891	5.17799256312482	5.97954622313124	5.7791244237425	44.1245726027341	5.06281664069439	23.7855029498314	158.242244644681	76.6869218922428	14.5648333155279	1.91465760698193	3.5627732471112	37.8059777788122	61.1195578856977	2.64696193149492	18.4497434786586	4.24705183952177	4.1383735807403	2.63100178904473	4.22261304408656	3.06218706861797	1.14316975371714	1.20919857735668	3.13082257239495	4.46047205118059	2.7952601720018
ENSG00000230937.3	rest	ENSG00000230937	65.5133500067799	12.1962306463808	11.584212147257	9.14046272712917	3.43264712518524	1	6.25823763313802	3.82666504403885	45.0183045614897	6.73436892651854	25.0630073867173	158.144957035049	76.5581513118662	14.8980299650217	2.35167420759041	4.09174806213308	38.9086101952298	63.1532405863888	1	18.672548933907	3.78466850418897	3.9203524766006	2.53273641237794	4.33363902199353	3.06865460452684	1.57276649542807	1.33348680011708	3.4443625255757	4.30142003319454	2.74945465669625
ENSG00000230952.1	rest	ENSG00000230952	69.1622652621364	11.9996521563037	12.399603697187	8.18275190801753	7.0060256286554	4.57901785530529	5.8459382183605	6.22453165757062	44.0367773043328	5.63013607899025	24.0207928821435	158.49128509171	76.5951378788092	14.4312951066313	2.10681084465337	3.71606221044087	37.9346023266196	61.1563162612915	2.58156469855723	18.4738148901236	4.29355912625272	4.12242930883368	2.62784211735974	4.22486307898942	3.08410838743292	1.13774911168552	1.21394306363577	3.14024194406572	4.45996174354539	2.79546618114568
ENSG00000231106.1	rest	ENSG00000231106	69.1672389481495	12.0758427589247	12.2216101184975	8.91324911585235	5.39623412456705	5.22449307528887	6.52821075898431	5.88430316836076	43.9358239136657	5.51888851570216	23.4724291652199	158.690777968135	76.6638472742375	14.090220989308	1.87109792608739	3.34756018301374	37.7481641356683	61.2216783159751	2.58519379308344	18.6123169474239	4.18930477200276	4.1091714053865	2.6258390620176	4.23343138124155	3.08574126217878	1.14361840711344	1.20352480468861	3.13920802730368	4.45828519584902	2.79998364753744
ENSG00000231698.1	rest	ENSG00000231698	69.0630762617872	14.8005829399428	11.7892746320703	8.57856685570173	5.52885874979509	5.23439636846929	6.37019453096988	5.74353065328919	43.9968790488095	5.31384988121934	23.6752533096961	158.447736327379	76.5989474898077	14.5146458899034	2.09302577005996	3.61854860690055	37.8083062455157	61.13478201621	2.61774221332173	18.4338475048419	4.20699645138579	4.10867306406868	2.65022768544301	4.22744716253152	3.07495507548256	1.14133413398778	1.21286809034799	3.13726208629742	4.45867383249708	2.79682557130866
ENSG00000232151.3	rest	ENSG00000232151	68.8786852090833	12.1720452212929	11.8578460572658	8.78061948473609	5.43365748680767	5.08437067642912	6.47355193674783	5.67704201978405	43.9187990689936	5.27197352612102	23.7814219564581	158.535415228945	76.5244476060399	14.4865213887149	2.02670024927436	3.6616120207221	37.9586727808832	61.2174300347332	2.55823135083951	18.4055403664176	4.22402042378314	4.1418381401832	2.63044230915	4.23046243276756	3.07652617490855	1.12831357980665	1.21475428933208	3.13887668968676	4.45310487231477	2.80091458431058
ENSG00000232271.1	rest	ENSG00000232271	69.3215356795884	11.7759356730013	10.1428853915298	8.65675514521739	5.66618636126723	5.32678837857974	6.38094296130865	5.67916066846919	43.8999810920769	5.27242304107226	23.6696756157374	158.487327050966	76.5931593862419	14.4719961262259	2.0032164978172	3.72983326200093	37.9300880277729	61.1998698412451	2.72011517503221	18.4837808397129	4.20682736968517	4.10797486360187	2.64084731455951	4.23080691208365	3.0731685664933	1.13617636246764	1.21012849941482	3.13935951356842	4.45961438210343	2.7963200517189
ENSG00000232274.1	rest	ENSG00000232274	69.1302178784263	12.0703030121132	12.2024745998896	8.59598587129674	5.67360247428348	4.97585830353107	6.47487119581558	5.77684686817841	43.7747485357436	4.7958172405922	24.0163291507666	158.613218777364	76.5670844143926	14.1885052453932	2.20074249812888	3.70644248428899	37.7955630281824	61.0540631145215	2.68248715420509	18.4319503621719	4.25221087461778	4.12423141777626	2.63225988864212	4.23805422367746	3.09874643710251	1.1364177232417	1.20800494487277	3.13748302640922	4.45824412546746	2.79501783018071
ENSG00000232324.1	rest	ENSG00000232324	69.3643575238443	12.1004030349001	12.2249766178008	8.5978286770924	5.65601169966218	5.09020585697088	6.42818073731733	5.63065908974687	43.9598107261953	5.27901852938967	23.7985840725677	158.535499103613	76.6039193631502	14.4324657236485	2.01806927320272	3.75005697570554	37.855017568293	61.1198164310212	2.58680636576191	18.4939601432603	4.20062451508512	4.10313228923756	2.64146157195927	4.24709198626453	3.0080568586117	1.13831198217736	1.21764321656173	3.14069717054974	4.46327979547757	2.79728796362487
ENSG00000232388.1	rest	ENSG00000232388	63.1094894968867	11.9987574680593	11.7747753757127	9.32067937155606	7.77003629973469	5.09171099703749	6.0100042552282	6.58890208323803	43.5214953778985	4.86688954712308	24.0835258743739	159.435860305573	75.9558982979487	14.8521197905183	2.15727939257809	3.68634275616121	37.7416143505604	61.1643613704329	2.60702675665441	19.3501108572332	4.04657467971746	4.09185969422661	2.03480818691604	4.31800338752071	2.95821273759461	1.37370083801083	1.21357765800579	3.10475242791341	4.48508049073136	2.79281952157199
ENSG00000232527.3	rest	ENSG00000232527	67.8081062934732	11.9184845980279	12.1548012808011	9.20812646226959	5.42675034535181	4.7593333388329	6.22053250040762	5.75433290124521	44.0514130245716	5.48174049203736	23.8401611804407	158.511389983998	76.6033483688243	14.5809114600491	2.06698850199229	3.85637173328324	37.9220507743456	60.9394102320265	2.64143049432803	18.4894530449753	4.19051981377573	4.11062962552659	2.62155373884648	4.22635381882951	3.08385564859297	1.17713616061504	1.18096630575907	3.12626499087397	4.47088613726484	2.80503029099185
ENSG00000233137.1	rest	ENSG00000233137	67.9460856131437	12.1118269519427	11.6307851717542	8.72306818556803	5.63394306158323	5.38538384381191	6.60477871628828	5.88341377160315	43.8882991722103	5.19194516983791	23.5955105047549	158.517492963904	76.5699110782817	14.2386361276489	1.95598187399295	3.4145662407314	37.9169266367193	61.1063533008114	2.6234121520737	18.4495741828956	4.25801784887212	4.11537669422761	2.64416916183383	4.24904403278895	3.07340391831498	1.13354491538362	1.20168932460354	3.13709955752674	4.46880210592603	2.79080333956051
ENSG00000233236.1	rest	ENSG00000233236	69.3298217424737	12.0508050784755	11.9518671318529	8.42856392560405	5.280731928555	5.27435793714966	6.3565238492987	5.79850736484457	44.0030717445839	5.28460059741714	23.7614002407612	158.484878306287	76.5573894248598	14.448711712712	2.0248964835119	3.74537025628794	37.902464473966	61.1432753178706	2.59255717044541	18.4942311885961	4.20690070495496	4.10835924546349	2.6437950706532	4.23484813693769	3.07460114522085	1.13813235546347	1.21217186078838	3.13790975892899	4.45937814047337	2.79633011299206
ENSG00000234147.1	rest	ENSG00000234147	68.9754180788033	11.9450582828939	11.9463036772369	7.87360621110353	5.63368785438844	5.24763118276372	6.17777374666125	6.14370886738965	44.0932960596367	5.29616084232882	23.761223503682	158.474331330597	76.543324541951	14.3902202844497	2.11845641367212	3.71785864798051	37.9252700308235	61.1386464337595	2.62088356705193	18.4704554278426	4.22692244916862	4.11471776227097	2.61972346558744	4.231669153175	3.08043425045998	1.13725103267846	1.21027816976076	3.1378292346927	4.45883392065939	2.79678883629241
ENSG00000234327.1	rest	ENSG00000234327	67.5964107954436	12.0281070265732	11.3393105841411	7.84291441596862	5.35155134638165	5.89604010427831	6.68161337998558	6.0335936492588	44.1146795269273	5.10015353898163	23.7873804048862	158.156015908876	76.4995371954097	14.2860213657043	2.30496257059976	3.61351118781072	37.7972797155183	61.0409421877067	2.63390619312585	18.4572634671331	4.24719389830025	4.10655407062443	2.69576236397036	4.23805632877517	3.09423840798516	1.11440798291248	1.20620419733511	3.14556440118063	4.46306337068645	2.79403955775898
ENSG00000234431.2	rest	ENSG00000234431	68.0828692716635	11.9053299095563	11.7701003664575	9.03488844169988	5.32266949830568	5.26184590342697	5.8335639119943	5.55002179490724	44.2836133523349	5.39247974698785	23.94102042137	157.844419791233	76.8497002727694	14.2456795730865	1.99372956825475	3.73392759592588	37.8170318687188	61.0667632865244	2.60765221590388	18.5201248265632	4.20214803491917	4.12777702704457	2.65546132809189	4.24298270636097	3.05091283011223	1.11893512299321	1.21668261509843	3.13448261463023	4.45990902573609	2.80148726590128
ENSG00000234449.1	rest	ENSG00000234449	66.8180759229579	12.2584834890594	11.3776545151827	8.1196449388141	4.30507138630041	3.68527393543624	5.7374222940982	5.50178139108652	44.2842316798331	5.5456702895137	23.6640026627063	158.667685451299	76.7037986876719	14.5414082354122	1.96303277497824	3.63483434558269	37.8836304639457	61.0037695484704	2.63766358582409	18.3737487939793	4.21094896474132	4.12690125160093	2.6360607328303	4.22717972704302	3.06336529212214	1.14502789440297	1.20834711235252	3.15728755259614	4.45316913970587	2.79357529053281
ENSG00000234456.2	rest	ENSG00000234456	68.0656793682289	11.9317693856808	12.3840375676928	9.58126117261433	5.64616638729406	5.53431188036657	6.30392485648572	6.41307026908888	43.9093050426692	5.48997760002165	23.0840017357741	158.958540841144	76.8621383907068	13.9365504805232	1.7663591238549	3.21568219617767	37.7286224833299	61.2030345774078	2.60590757212672	18.5060772926502	4.22619130994474	4.11146159319905	2.65054684051922	4.22103915864479	3.06938173120243	1.1377250306995	1.21327070087478	3.1444715961864	4.45355892137481	2.80242508213922
ENSG00000234722.2	rest	ENSG00000234722	69.1885592339121	12.0492233006045	12.2182405199618	8.03790490109087	5.0224495895002	5.39691154055285	6.20133043360045	5.93371332137707	43.8944080800285	5.30748410714687	23.7769030579076	158.472778603902	76.5193705645408	14.4544373398137	2.02817013575957	3.75816377954601	37.8721289714162	61.1521626029179	2.57165695192542	18.4965635549449	4.21239695599228	4.10901542193165	2.63786164478013	4.22657708270879	3.07168612510331	1.13420597079986	1.21265548983541	3.13891722723256	4.46048265243607	2.79634208247778
ENSG00000234741.2	true	ENSG00000234741	64.8218850540085	12.8294963524674	11.7857084592191	6.8043778969306	6.0551308074881	5.68184246637955	6.1875915226777	5.47011210439947	43.5897310424082	4.77749662299675	24.0005155954936	158.564850114947	76.4519585977264	14.1162276784242	1.69344278790043	3.87688336128359	38.0526775508844	61.3481970106338	2.65863146928693	18.5514890908007	4.2740836850993	4.16391276522247	2.73079844669459	4.2654271745528	3.06591306219862	1.17747393688626	1.20911067714009	3.14402641417414	4.4522372667804	2.79808952776309
ENSG00000234883.1	true	ENSG00000234883	68.6635794444382	10.2134033986467	1	8.53816130021103	6.86974155681263	6.26677607303532	6.10190871387244	5.86432828917102	43.6120532008704	5.1473954007713	23.3123437365377	158.478489055948	76.3852592602529	14.4874544960638	1.99050170227713	3.62183392575358	37.801109114676	60.7595071239371	1.93501339801214	18.4370038917926	4.21046470049895	4.1464718794618	2.56169121142541	4.21116882851973	3.07156765281137	1.14390065522227	1.20670244952868	3.13802866656571	4.45398657295521	2.79907838063562
ENSG00000234978.1	rest	ENSG00000234978	68.9106214713397	11.9884177136087	12.1641200189716	7.8914111745315	4.97772171913081	5.40999841900788	6.20364205808186	6.05060558506962	43.868383945476	5.16504097728476	23.7078257745941	158.437448934665	76.4425812837869	14.4312892350517	2.0174194167968	3.77077297858903	37.8430262113588	61.1549566537012	2.58130963169498	18.4435845564788	4.22651372837013	4.11826727791883	2.63347671446305	4.24570981441283	3.07520748240976	1.13239179537664	1.21262344151319	3.13928296684348	4.45925093869446	2.79610903873608
ENSG00000235152.1	rest	ENSG00000235152	69.3163350504231	13.0283947923293	12.0501152011703	8.63844859176477	5.44365364935139	5.13824656798425	6.38970619898443	5.63085081640242	43.9254782997219	5.32414738694151	23.6538730524162	158.527586936683	76.5596637491789	14.0700671485228	1.85743939726136	3.99652493785022	38.3471681981301	61.0647777189204	2.54521349052343	18.5688357511293	4.21870607071065	4.10260431287593	2.62103738778676	4.22916391061222	3.07229510522406	1.11716657563484	1.20549847580753	3.14400930840672	4.46231707542133	2.79611644632908
ENSG00000235385.1	rest	ENSG00000235385	69.3257033431298	12.1023102618043	12.1798789199211	8.71820773423832	5.39702594294573	4.98213632358388	6.43555858294344	5.77894782538531	43.9780454652826	4.94880577846085	23.4789809548793	158.464270290162	76.6864155362521	14.4418737151265	2.13524574967146	3.73933346801093	37.9463992777759	61.1133863363377	2.62981462024896	18.4541105477477	4.23249218915781	4.11644529782325	2.65637595205157	4.26849491194197	3.08650108250052	1.13892411041763	1.21076351113769	3.13828232644438	4.45714010199094	2.79552719527108
ENSG00000235398.1	rest	ENSG00000235398	68.7037966104036	12.252561421871	11.7465897327085	8.73563995946056	5.33243323474605	4.94846280742401	6.49647127232823	5.64281992021987	43.9530200311955	5.36124163444904	23.8188766349309	158.383863449205	76.4630578074983	14.4906644680012	1.96472525080831	3.64164596645001	38.0012973998613	61.4323997905107	2.42735905303886	18.3662109755283	4.21034417444865	4.11695605391205	2.61247109636657	4.24010879678801	3.07262949323851	1.13471395327405	1.20685416096936	3.13864049087147	4.4584061195195	2.79942678687928
ENSG00000235576.1	rest	ENSG00000235576	69.1137100970127	11.1789765574306	6.61569023929127	8.58576473447212	6.12922681990788	5.67706558541939	6.29496615271008	5.76551153235585	43.8160965136714	5.19836660668187	23.5493806993889	158.449050635414	76.4986397645053	14.4721752977409	2.0641066308327	3.64694791166158	37.8653314766821	60.8463524035448	2.11939150427221	18.5322601234302	4.20715626810446	4.13077739155587	2.60151497181155	4.22269751559171	3.0741690681836	1.14529159127025	1.21069048639328	3.13804590111808	4.45586495032473	2.79619106849775
ENSG00000236094.1	rest	ENSG00000236094	69.3458490949012	12.6057840768946	12.1154888746424	8.71318558855786	5.42984819483825	5.18172326317974	6.44738093864429	5.71297284619922	43.9917785894672	5.31167761384631	23.7245731555343	158.482182215013	76.6315587734047	14.5038807002311	2.07453560257528	3.63472230625419	37.8472708552065	61.1380278684757	2.61276698328625	18.4720201446072	4.2078164778795	4.10836154748187	2.66097546915131	4.23147782579268	3.07439383545648	1.14550923236869	1.21038429895115	3.13677513098056	4.46341298148062	2.79295956772505
ENSG00000236537.1	rest	ENSG00000236537	68.5014968081291	12.0981736015481	12.1581267965045	8.76610226639683	5.54920110562169	4.92941211381713	6.33261189527961	5.68196796122643	43.6419457311631	5.42562495357616	23.4759041062346	158.201429274546	76.3616086148184	14.3360037420551	2.12628049751365	3.8259321734927	38.0116665808891	61.0298834595862	2.72301489311234	18.3991018031926	4.18703408245767	4.20267721411849	2.56352920078103	4.30525565033296	3.07369598157888	1.12765418066524	1.21643129622378	3.12833733616295	4.43865703403917	2.79848570881365
ENSG00000236673.1	rest	ENSG00000236673	69.175810665569	14.0257854537857	11.903600069044	8.61621942156548	5.49338799968571	5.20993600661251	6.39378083331567	5.72352041492019	43.9973937822656	5.3068588891698	23.6990070898356	158.457517808877	76.6108548346861	14.5117114388067	2.08630587027271	3.63412800919057	37.8317230409478	61.1348562799825	2.61407098059742	18.4467957318324	4.2076923605106	4.10839918270919	2.6532719620873	4.22873221325152	3.07464341736207	1.14188087973197	1.21312648990763	3.13735956171178	4.45857641952507	2.7965513561289
ENSG00000237188.1	rest	ENSG00000237188	69.0127265889363	12.0782674431542	12.1651986487033	8.80953308973428	5.52356079753139	5.14987854747755	6.50350599467905	5.82533440129032	43.9240018382056	5.23215731791711	23.6665401774254	158.498581405162	76.5673617983172	14.3955493343602	1.93514356385299	3.52844142167723	38.0141660676356	61.118362175806	2.63934581712439	18.4670952293054	4.2646997142966	4.11794219493553	2.63938744774913	4.23739037408702	3.07369568761435	1.13489711635248	1.21062872511586	3.13998496745459	4.45782223685072	2.79670451170316
ENSG00000237372.1	rest	ENSG00000237372	69.4068886571069	12.0840024107526	11.6378938320198	8.69197461045314	5.4749227874738	5.19409711907684	6.42973338882433	5.66950487850773	43.9609346608816	5.29181334927298	23.7251891343348	158.482539721679	76.6192359379467	14.4594589814428	2.02974358299757	3.7236581987908	37.9414910769184	61.1669700097741	2.67182409991995	18.4844056580534	4.20970871749619	4.10607849854794	2.65462117004299	4.23194005708203	3.0732693089771	1.13810550824161	1.21204274845257	3.13905618328519	4.45945958268528	2.79578004578435
ENSG00000237643.1	rest	ENSG00000237643	66.3889909440287	11.2779267066472	12.5251075411353	1	1	8.17548221806526	4.12188903581035	9.404400835323	44.8011152562353	5.13620134239627	24.3937913954924	158.415235380173	74.6130095424594	14.1865848066981	1.4887578638252	4.75470337944776	36.7797408196658	61.5727492893419	2.39165786873813	18.6111953724529	4.11065229026249	4.1444652919426	2.38228726495295	4.3555629325093	3.09806250902478	1.08435505905507	1.19582760255712	3.11627972959703	4.47415860157489	2.81273751708006
ENSG00000241860.1	rest	ENSG00000241860	69.1265901428369	12.3835516161751	12.1246320697216	8.3788349943391	5.34544455850504	5.18576525272375	6.2368022829818	5.70279599351302	43.814959209402	5.23284404501973	23.6824347082844	158.46722021724	76.5467899232659	14.3640815201438	1.90320752209106	3.77226870215026	38.125524775036	61.1030482557776	2.60422052000981	18.5094033307116	4.20833217216327	4.10750582609388	2.62621728199714	4.21848294817868	3.08240601563083	1.13856883182152	1.20667926119144	3.14499485265878	4.4583873761537	2.79449726878027
ENSG00000244342.1	rest	ENSG00000244342	69.3819421528157	12.6139884587493	12.1111150957541	8.68687970202205	5.42652324547325	5.16713566218058	6.43897695378894	5.69087975111663	44.0012676949042	5.29134735079649	23.7463547451512	158.472740076458	76.6354969348933	14.5256982192255	2.08487455170875	3.64607126353005	37.8543198080854	61.1382883369805	2.61124157990076	18.4655648921581	4.20887017734693	4.10804502672822	2.66223982465283	4.23186339340189	3.07409628568867	1.14375267420786	1.2139354897316	3.1373636654068	4.45831910026004	2.79584036489764
ENSG00000244879.1	rest	ENSG00000244879	68.9535199893384	12.1281550631921	12.0775122085501	8.37614228276994	5.5917486132219	5.26265684921068	6.51983737495561	5.70539953263979	43.9388559765407	5.19567019945301	23.7248478699849	158.400719693191	76.5499864972148	14.4314969522339	1.94443141473662	3.58867596376943	38.1239971637392	61.0610267673764	2.65098819777702	18.4417759774694	4.25917274361848	4.11133030983478	2.64439272731403	4.23480708400126	3.0582242602985	1.13824302390981	1.21984946326216	3.13801436585187	4.46290120796759	2.79428061276141
ENSG00000245532.2	true	ENSG00000245532	59.5094029787502	10.5188536080216	11.4812578939677	6.55582255175387	7.60782011190848	6.13695259680131	6.61350582435604	1.91795066646088	45.0730271174078	2.5001223688175	21.9300435905524	159.875004020872	74.0314284615825	14.8753125470702	3.60674162140128	1	40.0429651292202	60.0867826715405	3.6688111295816	18.5659285649286	4.44215664768914	3.72865261668627	2.19274153662671	5.97934898051179	4.0868175120124	1.30052608801923	1	2.8371255876186	4.24571775876404	2.50997000216073
ENSG00000245694.2	true	ENSG00000245694	68.9592985055928	12.0465410484318	12.1322592033314	8.5260494370103	5.37706935668049	5.26291507288379	6.6372458918747	5.66939141440914	43.9326229208599	5.15851019440227	23.8631346446772	158.338273658797	76.4695896067558	14.4918492428975	2.03796589059589	3.70723010078066	37.9688761034998	61.0281914776461	2.6590306691424	18.5482992140812	4.26380898550121	4.11142059055799	2.64349564201264	4.23805622631448	3.08372266183833	1.1306178879154	1.21360472992718	3.14262759972709	4.46394632767295	2.79231718035341
ENSG00000245910.2	true	ENSG00000245910	63.8536850163003	11.4402306001471	11.0822297991192	7.45406387429458	5.8265966131789	6.80557425382926	7.35064646860419	6.70986618243377	43.4781304022245	3.89619292129881	24.4353198242761	160.02390508938	76.1847393781257	14.240062686651	2.00579924503343	3.43510764564551	37.9916090132066	60.6702663381965	2.75342896141637	18.3797566951951	4.53454887453839	4.06658067970101	2.61130675327552	4.19632828075254	3.23250537076492	1.05788858173875	1.19259995311703	3.15011620480237	4.46326682763826	2.81012811077479
ENSG00000247516.2	rest	ENSG00000247516	68.7276364600991	12.0785420362167	12.2596333877849	8.38033557892653	5.44148618662722	5.30662016237708	6.59873214779404	5.76371760681284	44.0857206271904	5.18408986177138	23.5920733222332	158.496319756798	76.7006958995077	14.4851761896385	2.19467171740358	3.71002337488331	38.0674128153035	61.0684365933358	2.64967192527397	18.4122497115535	4.23466103417634	4.10196259809136	2.69343991281039	4.22198693854143	3.06981446788442	1.13125737826133	1.21082405684265	3.14031397729638	4.45491624877357	2.79739357003036
ENSG00000247556.1	true	ENSG00000247556	67.5325512262889	12.5063426161143	11.5185517611262	8.22629184235484	5.57262185333039	5.38511441187854	6.457053060877	5.78611992809907	43.7913292176009	5.40356612642648	23.6757017386521	158.365593507178	76.4709165635448	14.0938765214031	2.06032889024163	3.79331652127404	38.1841913421852	61.1316476231229	2.65926876494061	18.5000858509911	4.22303421877653	4.10162307812533	2.61633623576472	4.23967559924839	3.06921603903155	1.1658035331584	1.24784283360395	3.13272200591826	4.46762533019468	2.80073688605134
ENSG00000247844.1	true	ENSG00000247844	65.4301115908254	11.1362351985223	13.7487536886606	1.69022433318926	14.1019658935804	5.87607241105288	10.0909655422728	1	46.6962771303752	7.32671398939845	20.2987925780879	158.917191318907	78.9253077490231	15.6362840935517	1.79180945967225	3.78479438764414	38.0651965982825	60.6280908929073	2.42672141104384	18.2183005157969	4.59452908567724	4.18599358452631	2.32543924515682	4.0916764334513	3.21602069715536	1.15030661193566	1.20010505850464	3.1243257021913	4.42830141111895	2.78836950077989
ENSG00000248103.1	rest	ENSG00000248103	69.2579254745138	12.3328261742281	12.1670086280847	8.48689184934883	5.32179953349494	5.10352365666612	6.33766101088318	5.80909781355499	43.9160526149299	5.07593829225073	23.549793691676	158.4733055599	76.6186028396724	14.3958677450495	2.07463398324059	3.78474728398354	37.9928135919734	61.104777561966	2.60277268796901	18.4681748309222	4.20357207214068	4.11333686317604	2.63273983654641	4.34380962503131	3.11381586665398	1.13632732390288	1.20550959923266	3.13573974497259	4.46062880821231	2.795408560547
ENSG00000248329.1	rest	ENSG00000248329	69.3070619547946	13.0999439419917	11.990096939849	8.66413342659993	5.45618846648522	5.19122656665541	6.42505834638634	5.70933405469106	44.0053548277021	5.29365906528672	23.7360412499946	158.460877274902	76.6322366943732	14.5635207288984	2.1065134639558	3.60784780769432	37.7985348615477	61.1424142304544	2.61628552676263	18.4489875775203	4.20756052035292	4.10887605678187	2.66251830346584	4.23076433930689	3.07438124667972	1.14553506643498	1.21441241096442	3.13676147901672	4.45803608935983	2.79605534031961
ENSG00000248596.1	rest	ENSG00000248596	69.384151817727	12.1082282114499	12.1901521735935	8.55784898097024	5.32540593686022	5.19571062949557	6.39862030550658	5.73372399591684	43.9872947050395	5.29470671848386	23.7594635460047	158.481753814848	76.5973970495593	14.4524250609787	2.03751780263318	3.7274698991578	37.9257257811163	61.1323471146808	2.59352046472524	18.4922315489227	4.2095297259841	4.10755012807753	2.65535054956809	4.23305248812929	3.07402747521216	1.13856247406936	1.21263468531489	3.13832846517983	4.45964753613089	2.79566279325382
ENSG00000248810.1	rest	ENSG00000248810	69.3146281859367	12.1044400417249	12.2043481292743	8.46572093745537	5.2617455725886	5.26399831854286	6.31295922127509	5.74250485451086	43.8495601993442	5.30898531901348	23.7453707553995	158.490040822532	76.630883797448	14.4832859826043	2.05538331514326	3.72469795427547	37.9589627104	61.1213520267639	2.58451839336278	18.5224989986946	4.2139252272022	4.10748959523267	2.64638089328494	4.22203451154557	3.06841022731527	1.13612593394109	1.21224654600491	3.138736329822	4.45763348827257	2.79298640053149
ENSG00000249069.2	rest	ENSG00000249069	69.3428281410709	12.0624183460736	12.0014420050008	8.45545454287556	5.28710220996675	5.25703766212927	6.36144643751869	5.77839805380506	43.981911945089	5.28949480192731	23.7591576451358	158.485245817147	76.5742931339138	14.4522256703273	2.02531334174534	3.74143623293441	37.9114010786225	61.1565589146156	2.61954478269897	18.4917338173335	4.20863440866383	4.10787514123039	2.64938066028156	4.23406429720664	3.07333749581883	1.13925864840732	1.21136472898597	3.14018216267389	4.45866564722765	2.7959661243887
ENSG00000249152.1	rest	ENSG00000249152	69.3764560649665	12.6310625732255	12.108708698842	8.66525809169373	5.42560081989854	5.13714508626343	6.41225487679912	5.63999396198959	43.9466364456088	5.31233556989615	23.6888326404587	158.515834147599	76.5846742404812	14.1959124642303	1.91851481124337	3.9055267677419	38.2197150835951	61.0848102052717	2.56181836715948	18.5447999369	4.2163142947633	4.10396658002216	2.63385385171305	4.23036430050552	3.072629383972	1.12470170639145	1.20795313164248	3.14222159309588	4.46118825635289	2.79590541686089
ENSG00000249430.1	rest	ENSG00000249430	69.2122473029435	13.4018324252778	12.0017481167485	8.66387268121109	5.47153362848905	5.185841336193	6.40436149179724	5.70945364699707	43.9612705122982	5.26289290605897	23.67847318906	158.510312466439	76.5990707991279	14.4025242196028	2.01464498987049	3.78331803769281	38.0403589827938	61.0991642124223	2.59624141372237	18.528086727473	4.20920722926771	4.10607996555753	2.63594868735571	4.23438389762082	3.07271370517737	1.13238463762403	1.20994909710253	3.13997571652324	4.45819953952183	2.79477620722731
ENSG00000249790.2	rest	ENSG00000249790	67.6392992312566	23.3744017957519	10.5250932310123	8.29955481776257	5.92817056971699	5.58702834177782	6.09483194828244	6.15335979038161	44.3675559344607	5.32473807193159	23.7664653487767	158.067985169826	76.8056880280614	16.1980420625617	2.98999528367765	2.12299757047202	35.6894024596698	61.3725344553468	2.91442105299332	17.8942037290309	4.15839959642486	4.1370583475044	2.75554375786954	4.21968214910641	3.08387363964843	1.23636911194447	1.23918144499319	3.11354965763878	4.44347717853625	2.80184171140352
ENSG00000249859.2	true	ENSG00000249859	68.7214307732482	12.2312933501969	11.9979973286314	8.42844881538134	5.59541113525319	5.30748644407791	6.32192232465681	5.5482947738911	43.9302765716833	5.15558414675917	23.7882547777948	158.361770719152	76.4491909724119	14.3769106343768	1.81434096218221	3.59544304742099	38.1034197026639	61.1386608052431	2.64276446377264	18.5066307474442	4.02418083879844	4.08880517253352	2.70343920497308	4.19767406986214	3.11364739056448	1.13438935738724	1.21569090453337	3.13442075179034	4.44894592459271	2.78927417678709
ENSG00000250271.1	rest	ENSG00000250271	69.2045222035473	12.10774307231	12.210915722963	8.6837597066875	5.51835117782703	5.17131904147441	6.66326574245736	5.42953945999766	43.6850999061395	4.86723153112331	24.2750805783195	158.729587030209	76.5072266806407	14.1176438401918	2.1067443027723	3.77376353068281	37.6139175613576	61.0436589885907	2.65974526861297	18.4762640233952	4.22978294930873	4.12116331572797	2.62277950923735	4.227442765725	3.10858164211834	1.13513885773699	1.20738398167669	3.1356648277477	4.45832696597032	2.79433530629885
ENSG00000250337.1	rest	ENSG00000250337	69.1453840530137	12.2159778771691	11.8543424099494	8.39979516162717	5.97358559040048	5.1070571066037	6.45413223330436	5.62185142454803	43.9352252538679	5.25799942492967	23.8408777468375	158.575671234727	76.6191125669642	14.3148962944359	2.05297005001188	3.76796629010069	37.9461717129094	61.0744077645345	2.61688092810278	18.4748668324445	4.20851639453752	4.11102020167813	2.58039232387718	4.22833135912273	3.03054754512329	1.13583117928866	1.21079407772788	3.14029963718434	4.45860523391329	2.79689446144147
ENSG00000250666.1	rest	ENSG00000250666	69.3504939910339	12.0939478598255	12.1956191967359	8.4491211435073	5.25480898515843	5.24746422143387	6.36751120128435	5.78935866890544	44.0086066845911	5.28745466203615	23.770715443621	158.484054684191	76.5699095116144	14.447265825682	2.02873235643556	3.74218000989845	37.907753206964	61.1410803290751	2.59098405338271	18.4943230707828	4.20828570561835	4.10841281583905	2.65081824502668	4.23585375511834	3.07387279834128	1.13808319702827	1.21234409526975	3.13785064974018	4.45944763564129	2.79615945916896
ENSG00000250742.1	rest	ENSG00000250742	68.0741781693822	11.9644664587811	12.1985844071826	9.11741309455221	5.19189555224481	4.24065009152244	6.57293056261295	6.05662997289433	43.9408639108381	4.3986086933449	22.8374716897701	158.255922280999	76.7047508419805	14.4797344874988	2.50821080078022	3.90336023685573	37.9566132488665	61.3988223844656	2.49750931060843	18.6443985278341	4.23937546483104	4.10533943668198	2.6259688128672	4.20209735298184	3.06022660339518	1.15547318647526	1.21718081717095	3.13724901806069	4.46615635598449	2.79523479075921
ENSG00000251002.2	rest	ENSG00000251002	69.4053362717308	11.9965660905633	11.4440992471752	8.68862734958685	5.49859407696739	5.212809693186	6.42533480582923	5.67601651515795	43.9604844781477	5.28157373524494	23.7209882954043	158.485151651091	76.6167718770635	14.4599397337457	2.03804496352193	3.71139665690994	37.9377663270119	61.1294187304966	2.60270989243844	18.4905128780357	4.20973558844364	4.10838380103608	2.65182491614223	4.23214358494025	3.07346226466147	1.13947178173433	1.2121207547492	3.13864345634132	4.45892299007355	2.79583824142619
ENSG00000251129.1	rest	ENSG00000251129	68.9795105390858	12.0276889347101	12.2420106480606	7.80615473392505	4.96452640834007	5.47076282945979	6.1701087019454	5.83103553242506	43.5025526012362	5.13415999726372	23.9978661874758	158.546244348117	76.4698414181376	14.3392976557231	2.03193743040204	3.71624690779983	37.7618503979048	61.0980602534143	2.58522695597932	18.4848719402243	4.19989991444737	4.10440850826759	2.61675575310554	4.21202199937089	3.01520935692392	1.12533726436564	1.21234272663743	3.1438563726904	4.4648671449279	2.79727964091116
ENSG00000251138.1	rest	ENSG00000251138	69.301864546966	12.0850782023457	12.2034818151362	8.34166817618566	5.20382098770572	5.27867230406174	6.30829091713149	5.78737085187972	43.8808954570891	5.29826011269861	23.7699890341413	158.481782934636	76.5871549282893	14.4536583926314	2.04601742908266	3.72333332472297	37.9080734002	61.1345903701269	2.58478863630705	18.4913211439801	4.21518541012768	4.10857954639227	2.64670836569677	4.22428319692749	3.07081584872294	1.13643839124393	1.21301592626822	3.13939202096292	4.45983743289581	2.79579324358361
ENSG00000251273.1	rest	ENSG00000251273	68.3550531638846	12.2738727741309	12.2601560983874	9.06870424809371	5.6398403729808	5.36664166336156	6.42552814668908	5.81640200119095	43.888615796914	5.60953005089902	23.5586581267635	157.491839605203	76.3690407356385	14.2711432091536	2.08256727520342	3.82138124972049	37.5673682883819	61.1679714982111	2.62391360146703	18.440243136154	4.19908416711525	4.14738311339105	2.6186012171759	4.25620877763516	3.05896993194325	1.14046850950376	1.21053853059354	3.14799043997861	4.46098207210352	2.78844695365442
ENSG00000251381.2	rest	ENSG00000251381	69.1025279897065	12.0587926182045	12.2006640175812	8.30400499576384	5.29355119165685	5.02648775631912	6.30845619772931	5.62086428051917	44.0033557790832	5.43142632202342	23.7459691453993	158.519340406601	76.6227387209064	14.5362421521981	1.99464825607242	3.75787724503858	37.8849659330763	61.0974061789961	2.56438402771276	18.4957284143385	4.22353578352638	4.10806729618843	2.63062057830076	4.22168817888262	3.07488163455452	1.15947235325253	1.20771614994138	3.16313297105136	4.44735457749225	2.79490002247616
ENSG00000251434.1	rest	ENSG00000251434	69.3765362276155	12.1010353844008	12.1923814927413	8.5132476576906	5.29178978204096	5.22203458467022	6.39014245392818	5.76113388660283	44.0103492338028	5.2876000090443	23.7662594762707	158.486237149287	76.581347309836	14.448720044735	2.03244053913025	3.73534924862383	37.9163699458075	61.1384586044524	2.59372040291654	18.4934974914052	4.20869715158177	4.107726492186	2.65261479875218	4.23557154750364	3.07411660278397	1.13861263386315	1.21243793627381	3.1379707268785	4.4593501089371	2.79608814599815
ENSG00000251562.3	true	ENSG00000251562	44.7070383170271	9.64755048322912	12.2777998147156	6.98181826463538	12.6592470414481	11.2727438632398	1.99785660044216	1.57664289590888	34.3511847524583	1	16.4884577679867	164.256948957357	71.2702586026581	19.9001065189307	1.32308731814785	2.51768587662794	43.4947549650993	59.3242389567766	5.20043468430328	16.5757861223409	1	11.9007525699895	1	8.93663767497252	2.00162859936114	1.79670568812242	1.67780642648637	1	1	1
ENSG00000253394.1	rest	ENSG00000253394	69.3446833548494	12.0924951952892	12.2013311512268	8.43066927191987	5.24728339043448	5.24170665542056	6.31925788402725	5.74220728505096	43.8502700528392	5.31547288462993	23.7445394830438	158.475467975433	76.6238625948963	14.4692230289898	2.05653625910483	3.70419646666004	37.9324122402933	61.1294064344943	2.5822227892428	18.4900461993483	4.21770770560945	4.1073918405522	2.65172068973103	4.21999958093553	3.07021821634265	1.13706880278839	1.21353471823695	3.13998688516441	4.45960192746461	2.79539618588419
ENSG00000253522.1	rest	ENSG00000253522	69.105103317894	11.2921121035081	7.35657039220521	8.58586933320998	6.18425004061932	5.55676495745259	6.1854940459979	5.84330779351886	43.8452623600165	5.23404652334334	23.6700501484453	158.428874325191	76.5598049871738	14.4263549327888	2.08704161306284	3.63638358449899	37.9468056847328	61.0187206214248	2.456009941347	18.4945428501183	4.20958238230648	4.12194076396091	2.62750275700522	4.22668762839137	3.07167688671802	1.13984493687721	1.2084480505046	3.13933729598117	4.45824836451194	2.79644717557623
ENSG00000253659.1	rest	ENSG00000253659	69.3383061783399	12.1042799481244	12.1921121850777	8.71278564195956	5.39719343277736	4.97136658604238	6.44215572797653	5.78680290217506	43.980145196912	4.92401480048073	23.4692697470493	158.465418753791	76.6870069848046	14.4501466857754	2.1464635458332	3.75071465471025	37.9504928336166	61.1087932016457	2.62674336266896	18.4560949357411	4.24699942727267	4.11670239308476	2.66552252849607	4.22368714411525	3.07150890554274	1.13717952312654	1.2135508725052	3.13956515971949	4.45608095641808	2.79540845118616
ENSG00000254166.1	rest	ENSG00000254166	68.7871978544695	11.9090600344436	12.4262086030412	7.45837899538672	7.45464584462924	4.95101389296734	6.5692199929033	5.04029066034688	44.3012049699372	5.73899421714186	23.136507171011	158.614744535666	76.7891734863044	14.7812096506018	1.66096480797307	4.02397884106801	37.5729008436852	61.1729695070831	2.40572931690992	18.5593326643072	4.37844478132635	4.14172243144701	2.68065234128574	4.26023653367168	3.09418367092588	1.11707039871097	1.21273073568009	3.13832129200768	4.46154179240043	2.79557636162908
ENSG00000254277.1	rest	ENSG00000254277	68.9802814420928	15.3743407622149	11.7048357341665	8.55776269566874	5.55627801632754	5.26299738489861	6.36173404510801	5.77600358383595	44.0151566127475	5.31278990146694	23.6766183134667	158.426137945652	76.6074446410829	14.629246446516	2.15472999687838	3.51816562835511	37.6650748518399	61.1530966407393	2.63707246626426	18.397248511594	4.20374398272592	4.1102725061391	2.65718983295965	4.22677876768383	3.07572979689555	1.14751087714157	1.21471855813369	3.13550186797084	4.45773861713762	2.79707002633058
ENSG00000254337.1	rest	ENSG00000254337	69.1497224749556	12.084160290343	12.2217538896886	8.77248398616595	5.43954088699514	4.9518883368656	6.50183313978527	5.87238460570942	43.9126209097353	4.65456594875601	23.4128960778244	158.351741789899	76.5566515214559	14.6469407353667	1.952842325091	3.61516805402366	38.1188033918985	61.0515346433588	2.66127835190152	18.5378393403363	4.29222366787644	4.12335716162677	2.63616854264414	4.21468830801043	3.06995187755746	1.13233158018555	1.21403695789648	3.1429979351786	4.45747781979183	2.79256725496803
ENSG00000254339.1	rest	ENSG00000254339	68.7282154497573	17.0604658381053	11.4557936232551	8.44837453377196	5.63255717067092	5.27422656170524	6.27557450134894	5.75203106029293	43.9426196960798	5.35607023336748	23.5486657183466	158.461840576711	76.5154325287233	14.203549795465	1.9504294252736	3.82502559316732	38.0918181017194	61.0834796761143	2.58151729116601	18.4731021552357	4.21175219691747	4.10556147383251	2.6120834921574	4.22201405283328	3.0747268665162	1.12152959401721	1.20632839335158	3.14154445030704	4.4616722651125	2.79791887956598
ENSG00000254934.1	rest	ENSG00000254934	68.409387462255	19.2652920957726	11.1311759405522	8.35438406501441	5.73791915083027	5.3660640858197	6.22552520755227	5.84346956804308	43.9792384100576	5.3621930829488	23.5196946472762	158.404073786306	76.5170918800868	14.4404816757627	2.08395545260257	3.60263564086844	37.7709202702387	61.1198729414905	2.62467349287562	18.3817073066116	4.20424859276619	4.10929896618795	2.62146612897898	4.21885184171013	3.07652213032739	1.13336174569533	1.2097159505624	3.13781222462322	4.45988038519207	2.79886439229052
ENSG00000255135.1	rest	ENSG00000255135	68.211688508938	12.8044564296212	11.8211306368026	8.39511901628599	5.5978874723414	5.4252345240468	6.55839308222716	5.95844652598092	43.8554280567292	5.11253214071414	23.6868637927364	158.217845226703	76.4510542335666	14.5362770779895	2.00474257210076	3.33964037786056	37.8430425211004	61.2614763192198	2.6621002495708	18.4240505862194	4.27008822817925	4.1149041932029	2.60979910313386	4.2301506545126	3.06452134445064	1.13314219104349	1.20130272719119	3.13710266410918	4.46120598387432	2.79420585610703
ENSG00000255717.1	true	ENSG00000255717	61.0610761016484	15.1413075343417	10.7146781752	2.04426533084939	6.69318968571312	8.60825839126732	8.38725488098141	4.52417951191794	45.9854767186244	5.03907337603117	23.9354048611872	157.857251445957	77.8764434080809	14.7690783462032	3.37176479297763	1.62862435663194	38.9585615366047	60.8389192465594	3.42606812064416	17.7871659294078	4.23361574576183	4.10056411093892	2.61218870420775	4.22134329321305	3.04761400555255	1.15159158978574	1.17788626041247	3.11893168763921	4.45567258303078	2.78534863822222
ENSG00000255794.1	true	ENSG00000255794	69.40850243926	12.4117998934279	12.1407515289852	8.67839350231173	5.41607696547015	5.13393910931836	6.42214752201725	5.64055171009853	43.9532842345094	5.3080160784531	23.7025634526425	158.512944975002	76.594042069967	14.2357108655656	1.93664366901569	3.87824493919218	38.181527559025	61.0920342312772	2.56825051999791	18.5384925509541	4.21555279917573	4.10437045778307	2.63770190068036	4.2307545495611	3.07272545406977	1.12719930461796	1.20877603373125	3.14167244348917	4.46080154118782	2.79579803613066
