gene_id	withinSubset	lncRnaName	Comp.1	Comp.2	Comp.3	Comp.4	Comp.5	Comp.6	Comp.7	Comp.8	Comp.9	Comp.10	Comp.11	Comp.12	Comp.13	Comp.14	Comp.15	Comp.16	Comp.17	Comp.18	Comp.19	Comp.20	Comp.21	Comp.22	Comp.23	Comp.24	Comp.25	Comp.26	Comp.27	Comp.28	Comp.29	Comp.30
ENSG00000004142.6	rest	ENSG00000004142	50.1421721505754	13.0330833990319	19.3420817657134	35.1371904873521	8.19978369752285	6.97899876954289	27.0267696813632	6.34525621911849	4.17249014289456	2.35478814352125	34.1554003718012	5.07679804939849	10.7270117345279	3.18686732674869	106.624243093733	2.1685608420167	4.22088309554776	68.9896578982017	53.1299029319059	2.91511207050092	6.47879604631285	4.437632956417	5.44969355981902	4.82517831026375	2.57154897269733	2.00578270007591	2.81940511054457	4.89233080903334	2.72021670181181	1.10457737813094
ENSG00000006534.11	rest	ENSG00000006534	58.0778848641366	12.0856510376755	20.024066394349	36.3025494303242	8.16337434560634	8.56216208959564	27.9297206010764	6.63693597066241	3.13877272750686	1.95958243628443	34.1100836874207	5.70220884625834	10.0132880685678	2.64434250419537	106.306734848736	2.23055498095745	4.21349468185451	68.3270619935728	52.5867162290908	2.82973660997668	6.43384219364354	4.30247085053916	5.39995329444286	4.85766752175312	2.55830752257639	2.05426741072383	2.70444371400728	4.79659312676313	2.73420232043546	1.12434641005756
ENSG00000085365.12	rest	ENSG00000085365	55.998848707631	12.0643219803039	19.333396762722	36.186005050744	7.94751398704539	7.99172390940405	27.8162530198576	6.57327309454099	3.27518073753648	2.30456052857385	33.8804518988068	5.78098233139229	9.82762596687148	2.26801490673104	106.228419277986	1.79895406806767	4.37511086450645	68.5861326635775	52.7645903909169	2.63835483191961	6.36659337579629	4.23924283367685	5.41412037926215	4.87027632274934	2.51683956064662	2.00607132548339	2.68847404231558	4.7637657957115	2.74738140606364	1.12498464380457
ENSG00000088970.10	rest	ENSG00000088970	58.4175043809936	11.9693400296585	19.3415580191041	36.7634256872957	8.56729444037455	8.11100830129986	28.0392854551725	6.40264535884579	3.46637958769075	2.16969447584763	34.8449552660338	5.83192522444205	10.0557659017912	2.36048752940014	106.351779823026	1.68159639908767	3.86876818096208	68.4141134354226	52.5246788411616	2.5318568009581	6.38892965892765	4.37926386297169	5.40728349186745	4.83881018211978	2.58703105663703	2.06028838582944	2.70029661080279	4.7768903285734	2.74201738450345	1.12068623992056
ENSG00000100181.14	true	ENSG00000100181	58.7781883139209	11.7970987512739	19.3739194801262	37.3147988250004	7.17438781764983	8.16445309630247	27.6124688545527	6.34769002686146	3.48742372888473	2.33147710343951	34.5903697064142	5.7628842516813	9.88434633609612	2.48919307291465	106.207419907994	2.24607308718806	4.1487059125339	68.4694690229216	52.7212262521678	2.54373996786863	6.4301290358637	4.23783240422634	5.38893191166709	4.87358004798476	2.57004169816362	2.06021602396269	2.69450044551251	4.78421284587179	2.74805882947292	1.123785277156
ENSG00000104691.10	rest	ENSG00000104691	58.5871311927284	11.8440762513879	19.5113368370587	36.8185428966889	7.87901987045865	8.13655524544591	27.7398568270517	6.5885622116839	3.19322765064605	2.2319944681231	34.3711603245451	5.64240716042598	9.91104874714636	2.40316532723882	106.333463309629	2.15761166193027	4.04798110392668	68.3527677739703	52.6100237963766	2.62529672699994	6.42437396531041	4.28824464703825	5.40016921774829	4.86504783811599	2.56507493071803	2.06634855054469	2.69750835812189	4.7826187442186	2.73601179629131	1.12370859856926
ENSG00000126749.7	rest	ENSG00000126749	56.426844026475	12.2285454409003	19.0646100157054	36.706920770662	7.91760810564679	7.5212446027662	27.2908085514559	7.281908315859	3.48740745685947	2.16242842206255	34.410012647499	5.29722020104204	9.86131994824706	2.72280997322848	106.659791162876	1.97081788057434	3.75552418580705	68.5045965654591	52.6164638061757	2.79009888666931	6.3600509302184	4.38390620346292	5.4701278531282	4.81906757739079	2.55518403681042	2.03261682646255	2.68961595948494	4.77664520096804	2.73353636136993	1.11810283593445
ENSG00000130600.9	true	ENSG00000130600	1	26.4608139926205	56.0168179123766	1	13.5166042293624	1	1	38.9174521175186	20.6492998942263	51.9237763543569	1	38.5508005675566	183.369965136889	13.2864287851287	1	1.71939943728791	18.9013717771187	1	1	2.37268536222685	7.88121644586249	3.97302023063294	1	4.81339761886378	5.96428745464016	8.34436212520975	1	7.02460185116346	1	3.72789870104391
ENSG00000131401.6	rest	ENSG00000131401	58.8450339209745	9.68066432120106	19.1902611457837	36.328770840416	8.3975713340759	8.28960583504847	27.5221862440306	6.61285468980088	3.27363718343487	2.20842924464325	34.2935503945684	5.68314515677102	9.80889045197839	2.45511878294019	106.389952876664	2.21164929203547	4.09676576232647	68.3221277342298	52.6395274383897	2.60067195820178	6.40666505745888	4.27151763761974	5.3996848029185	4.8836577474421	2.57509701866991	2.06418831848052	2.69370998019868	4.77786243459951	2.74057111222	1.12347027279449
ENSG00000137700.10	rest	ENSG00000137700	57.6830324353233	12.1478105877259	18.4594993543877	36.6587274806849	8.00252021430297	7.91729519252082	27.6465385278175	6.10123432829637	3.50411758804545	2.27195483849968	34.6210667830602	5.61847324314374	9.7925120776033	2.64064548655881	106.42379783197	2.37919045922115	4.07209439738571	68.4930099102289	52.6401509843607	2.58997623447822	6.41961813641099	4.38187307353125	5.41479588548719	4.84467494940696	2.55826842681537	2.09028153639572	2.66694000659551	4.76136206935632	2.74251425143255	1.11735531235626
ENSG00000142396.4	rest	ENSG00000142396	56.0932098608471	11.7255512017149	19.2125166064896	37.1121789928968	7.8949739046663	8.06675864917983	27.460429200777	7.08997660563185	2.92357093888666	2.10125149428562	34.0403626800506	5.53388173769745	10.2377425300735	2.44120486457034	106.283712849852	2.009145563189	3.88495194079211	68.4040953576295	52.6265130601819	2.53117046975101	6.39296352840702	4.24548036518145	5.35867759653863	4.90908252924316	2.54556221312509	2.04540253319825	2.68776034807215	4.77621161046316	2.74375553563977	1.12422298132876
ENSG00000147676.9	rest	ENSG00000147676	56.7117148954568	12.8573705596624	16.7299048501924	38.4570180375067	10.3258280938294	7.89173848515278	27.0282659376154	7.94065382474084	2.28392560885951	2.87895765826725	34.7247581300205	6.18424130458544	9.21609287754402	2.63200740996709	106.245180552274	1.89822890192416	4.02376586077985	68.4102131134787	52.5975381261422	2.56044804964431	6.53423248127152	4.18797494218756	5.38091433532523	4.8579751020547	2.57985951421629	2.05982461639593	2.69343901397891	4.7835624045001	2.73711040959878	1.12517812960164
ENSG00000150316.7	rest	ENSG00000150316	57.0595986358592	11.4461857257954	19.6926523334787	36.5881826043942	7.78673492583702	8.2637766317104	27.640958591929	6.76553459253009	3.27919577840667	2.35742054449914	34.4813059540678	5.66844494018954	9.97704008394251	2.66901254353796	106.282487681436	2.06533824522859	4.10443069008377	68.252610096339	52.6055505245659	2.71474445403554	6.44101847796193	4.33451620443055	5.40604942965332	4.86168472539027	2.54883304281208	2.02805419679372	2.67965556658358	4.78679220397112	2.74243126354649	1.123323859884
ENSG00000162290.10	rest	ENSG00000162290	57.4448588981772	11.8910345724942	19.3486198135128	36.5830129120169	8.23043404918427	8.09437733823906	27.5918327949851	6.28049588346674	3.28171710555921	2.55978454372287	34.119229886071	5.59619101386538	9.82318140353311	2.18479584336502	106.361555640873	2.00916077405772	4.20056554317885	68.3281686550154	52.6301595553752	2.74343294420431	6.37521085084456	4.1509623978408	5.42031776059252	4.90189058629118	2.54565185804107	2.03609263264824	2.69817930236465	4.76200763750275	2.74662204725313	1.12023151764765
ENSG00000170846.10	rest	ENSG00000170846	58.2773782755875	11.9162999837246	19.2769191852035	36.9896225813309	7.52735537927639	8.21402777394933	27.606449060711	6.47111587432669	3.19158804273495	2.38575879997161	34.7128543842638	5.90630366062508	9.88216886441755	2.35226346851736	106.125062270094	2.41521796071633	4.03122934536668	68.3931173399906	52.6207172361682	2.57147551591036	6.47419234308987	4.21759170919738	5.40397013093295	4.86163764307426	2.57478390065806	2.05685290784794	2.68830109114031	4.77695530264025	2.73096069046703	1.1245426279302
ENSG00000172965.6	rest	ENSG00000172965	53.8083647535539	13.0299680564316	20.4758402066726	35.628369579611	8.61528475873846	7.26453438547565	24.5564783272048	3.08319621827412	3.43342545950439	2.81841752446381	35.1164524516916	5.19154521853515	9.79144740982553	1.36364471743555	108.3287202049	1.28435686897181	4.30240105663868	68.5686527849459	52.6337554562512	1.45656079412689	6.32641954233819	3.93968833151788	5.44542706070283	4.75221841261545	2.80817884232967	2.03713816410425	2.76220527984684	4.81377549323468	2.7078511352113	1.19569838229127
ENSG00000175061.9	rest	ENSG00000175061	29.766080314056	14.8437315220297	15.9291530619429	32.4238129154789	6.55858576505323	9.03808167235515	25.0743813428519	2.58649677572883	6.43240904686322	4.74894394794145	34.6027550650049	5.67028670923988	10.9119731904054	1.72696548219177	108.038508344162	1.15428446534521	3.45589352273306	69.3800205518599	52.3558894636013	3.92687683432474	6.42441181075274	4.08419884155476	6.14257605962937	4.83893427347627	2.95400279371471	1.60942894602525	2.86055910021944	4.41455538735819	2.82541618365934	1.20233543723423
ENSG00000175772.10	rest	ENSG00000175772	58.8498018186942	11.9693654721019	19.3651449487215	36.8095028429756	8.29446763366844	8.01152687806472	27.4614359501009	6.71555414211709	2.70508846359129	1.96308159007358	34.3707724819747	6.06557479731807	9.60240726617049	2.36295071776594	106.204828650681	2.51212949257943	4.12232850084058	68.3307641095094	52.5853749877839	2.66384506048924	6.50421568276953	4.22151956903643	5.40961210361137	4.84444417251992	2.5864504804878	2.05240063857109	2.68868273104198	4.77800029507907	2.73398586365795	1.1236505437757
ENSG00000180712.3	rest	ENSG00000180712	58.8469989196429	9.76056511991364	19.1921334986104	36.3438968148972	8.38335975556923	8.25877443143803	27.5466802961309	6.59481485313	3.26389374129143	2.22884382918669	34.2762396590598	5.69297818234529	9.80407453656573	2.45039356104916	106.403215378978	2.20936662558878	4.11929892267408	68.4243291153613	52.4876965052155	2.63303602975358	6.40501318657279	4.2801957763393	5.39734253825005	4.89735105876624	2.57926018873524	2.06140673527978	2.69430752326152	4.77876644013185	2.7395328408091	1.12398168982304
ENSG00000182165.12	rest	ENSG00000182165	57.8469150669028	11.7948358834589	19.478763074365	36.3261151466708	8.20544552041596	7.66714883952103	27.7570009500563	6.3160939599961	2.85039882289849	2.13328311130806	34.3678528137518	5.68963025857089	9.88652624178746	2.56840316848652	106.486737306187	2.04196435291596	4.08378108392655	68.5813308950011	52.7648867467082	2.23152984233722	6.41588379517166	4.25693255845691	5.37767675791238	4.90095736196381	2.59106686403874	2.0462296142362	2.70173889001522	4.77933268941131	2.74002674535086	1.12523022271065
ENSG00000182841.7	rest	ENSG00000182841	58.3078950432045	11.9512772052564	19.2213847064326	36.5463873009617	8.07795531288734	7.80899392766874	27.7355146668499	6.55011523138927	3.38851216177597	2.25767776151968	34.3447643064032	5.62715966346247	9.9122863188398	2.49101471347214	106.328545710232	2.10341964889795	4.05510915245315	68.448090320801	52.5971353656882	2.54763507347112	6.42331792578862	4.30837195364621	5.40256297620532	4.87205756827594	2.57751139946171	2.06216305746916	2.69479686395854	4.79237016365234	2.73587989795196	1.1367647852147
ENSG00000185044.8	rest	ENSG00000185044	58.948205558866	11.8042701432654	19.3949687809943	37.1430410309223	7.58216598430819	7.99231164199021	27.8377977262992	6.15998730933084	3.76694108530905	2.53511500469789	33.3824066525688	7.12547238606792	9.62284891639107	2.88220057112031	106.873857616638	1.95426945962642	3.71599972747381	68.1812984876287	52.644342360605	2.60541341739271	6.36104196347737	4.22527535713486	5.3619395638026	4.81707706561156	2.53738888322097	2.06848447422363	2.68548695985976	4.78745068530545	2.74164401515673	1.12104544607974
ENSG00000185433.4	rest	ENSG00000185433	59.0470614329535	10.8555884004711	19.3825045998843	36.4943064415786	8.21813564271136	8.1581271838482	27.6443944883121	6.6047132668905	3.18892353981599	2.21447250019464	34.283566208216	5.66692085547264	9.8102977151599	2.44406662508598	106.40270329321	2.20220972921461	4.09330811948664	68.3789037463603	52.5724156650658	2.61803070446878	6.41015385813975	4.27502773277326	5.39665877797309	4.87978201925328	2.57377798219177	2.06582158918404	2.69313968996101	4.77803818021825	2.74051283390653	1.12309134715727
ENSG00000185495.6	rest	ENSG00000185495	58.8086005896984	11.6950868241274	19.3105880230829	36.895192271082	7.78887906283137	8.2707548268178	27.7324991907076	6.40277050883775	3.23985845592982	2.27686653543473	34.5030627893294	5.70190747207918	9.86543236887049	2.405879230125	106.306314650866	2.18984880641837	4.07127919956454	68.3844949439901	52.5988053257808	2.60511488965131	6.40469150273541	4.27280712175363	5.40276810912363	4.86656248385355	2.57135664909328	2.0684743062036	2.69938127395492	4.78029944961981	2.74097250394978	1.12780037673095
ENSG00000185728.11	rest	ENSG00000185728	57.1406098313848	12.0677776754773	19.4748456076356	36.201952052724	8.09657885097233	7.97652209711654	27.601124812255	6.74247596018201	3.39711990234754	2.58264503225802	33.9971859325806	5.76783189841027	9.66768780609523	1.92489271121195	106.222883939821	2.17706398866983	4.20411233030802	68.3835745274004	52.6248196482094	2.56982579344157	6.28217280703192	4.23184534188773	5.42802323378073	4.83409525613163	2.56884110466185	2.13068795781334	2.7105686678314	4.7719334016496	2.72825720603597	1.14644058067606
ENSG00000186594.5	rest	ENSG00000186594	56.7580820828217	12.2448705385468	20.5024978252841	35.8357146346269	8.01331221492388	8.04001870200829	27.6748595151735	7.13493979446212	3.48767093028221	2.62188466444651	34.3415594560526	5.80774449774948	10.1780791351545	2.27439971760224	106.175754525619	2.30654997117247	3.96966541731697	68.1664741481554	52.4732165187273	2.68713823337624	6.44233562097637	4.28854876084372	5.40397000476119	4.85538296424179	2.56077555478198	2.05907407646429	2.69674932141733	4.77160600938919	2.74259671583673	1.12189560831487
ENSG00000187156.4	rest	ENSG00000187156	59.0590415999032	11.8013849309972	19.4902215760327	36.8744345649366	7.74084253554108	8.02908728902846	27.8897290117203	6.41472254305014	3.05061190489788	2.29899026769025	34.336957568196	5.68223639124475	9.84575729318773	2.45382998480754	106.35256859118	2.19450695832191	4.07730571849512	68.3141837250046	52.6565967663919	2.59103118966066	6.43150179296934	4.26292046976488	5.39915346896598	4.88857728896106	2.57785870434323	2.06741968742889	2.69157352565418	4.77686839609956	2.74091633223011	1.12373425923659
ENSG00000188338.8	rest	ENSG00000188338	58.6804252982822	12.1402643206206	19.0524694103785	37.2902373081158	9.5345407481632	8.08422481415253	28.5485374597113	5.93695298735741	3.91812204323947	2.24319522087469	35.0561126211551	5.79732817242232	10.1230977524115	2.22825828899761	106.410653969295	1.79758230719533	3.86416551365819	68.3292422789596	52.4517787424578	2.48137939098036	6.41090169680667	4.22253530363881	5.39043693710937	4.91400167968503	2.53854127798403	2.07293029888211	2.69133379592222	4.77613446684772	2.74169515784282	1.12432226459416
ENSG00000189223.6	rest	ENSG00000189223	58.1540241728479	11.8469068929153	19.7463626712439	36.5016553111096	7.93880382976023	8.07168918507423	27.319323626089	6.4605806511436	3.18065524720829	2.23289496936418	34.459368213474	5.82842726749957	9.92654472112002	2.80626662011387	106.186282417849	2.23208877266886	4.38463849814555	68.1235583282947	52.4060110475611	2.66942915210907	6.3861587287385	4.30400992918101	5.39474856881968	4.86312358138756	2.56599666913729	2.07163990315977	2.6932179233047	4.77175154170151	2.7361896212847	1.13474981961929
ENSG00000189229.10	rest	ENSG00000189229	59.0862172671455	11.8543027782371	19.436821002871	36.9130716100234	7.8968548475625	8.14349706088467	27.7419540676605	6.47511387721099	3.32681501857629	2.33534139036874	34.1177662726573	5.92450044630026	9.78707147374515	2.53347419638173	106.493712413125	2.14968924468648	4.03040344551999	68.3013069508188	52.6561329175882	2.59845269962772	6.42542953699241	4.2397802945387	5.39106476784693	4.91352389884165	2.56891100835389	2.06965725589173	2.68587939610491	4.77723610131993	2.74233183515913	1.12096152157208
ENSG00000196756.5	rest	ENSG00000196756	57.6161722009713	12.0735458109169	18.9773964819988	36.9129172171957	7.90084514578413	7.90979309552904	27.7160952989913	6.25585449284569	3.83258453056136	2.16238158515175	33.3248137145586	6.74565516303524	10.0421130556162	2.49840091476535	106.595124332633	2.1019391431077	3.93413535573265	68.2887170148106	52.6231395221967	2.59410656982364	6.54105139412318	4.33566875195268	5.44635030190585	4.96342554603427	2.58131540811901	2.06498813645321	2.70698624165971	4.77333844565117	2.72882273180922	1.12356582812359
ENSG00000198833.4	rest	ENSG00000198833	56.5724419773853	11.0098817356005	19.9601756389504	36.006035771824	8.15598212545538	8.25504543882357	27.249275041871	6.67814974048135	3.20986280613045	2.88405142382501	34.2977042763314	5.9352190622191	10.4280724311052	2.11063605467884	106.086499444775	2.27782143797805	3.90159602194772	68.1075130287757	52.4025250617239	2.64738836373815	6.5023355842748	4.2733362319277	5.39237848712146	4.87767226345619	2.58532949493498	2.05766785555219	2.67230472307985	4.78191695158624	2.74010609090444	1.11767173091653
ENSG00000203279.2	rest	ENSG00000203279	59.0231440493375	11.9615394562353	19.1272916484268	36.503209657778	8.04377170027231	8.12955226134242	27.8279578864331	6.55783757223046	3.1453947796652	2.21592589204517	34.3580932964017	5.62189374990084	9.88158180354172	2.48004373390828	106.424195760566	2.18997100250059	3.93410262690104	68.3751049900865	52.5926116697632	2.56438310626294	6.39627609037931	4.27433407461492	5.40191805031233	4.8674921524825	2.57050675210406	2.06939798329761	2.69517868609345	4.77558735250434	2.74081088326456	1.12378132294501
ENSG00000203499.6	rest	ENSG00000203499	58.7963748454392	11.9733348654022	19.2742897618396	36.8552741873541	8.25563971704457	7.73022862564344	27.4336136030617	6.92272863569792	2.87598844856096	2.15599966986381	34.4376428782559	5.94867557707897	9.6118682315716	2.53107763256222	106.228935199611	2.42211085572598	4.15518071769665	68.3753796514969	52.6461198253755	2.59321671101366	6.35831040241913	4.31897359076769	5.38470911820843	4.87385162170247	2.54569034944614	2.07683478269651	2.6857559912873	4.77630003600495	2.73935176641511	1.12260940392049
ENSG00000203875.4	true	ENSG00000203875	51.0723157311235	11.5771101108021	19.6602631250809	37.1845546518085	5.42754243773405	8.65017348893539	27.3862776983018	6.13856540858739	3.98944959419424	1	35.1687676178447	6.52820009757761	11.682702526332	1.2621667955308	104.962815591566	3.28890504865416	3.61739296072016	68.7946431464905	52.975694278824	3.57751075370415	6.95767518312589	4.23668656976397	5.52631170063893	4.87388419825418	2.21479130073747	1.92399197786747	2.66318987347674	4.79429547472133	2.73842932866893	1.10780895535527
ENSG00000204054.5	rest	ENSG00000204054	57.9770852845045	12.0552882394723	19.549934037447	36.9421400498669	8.29722828900611	8.17005543535864	27.8101343731748	6.16750405786553	2.97499597540164	2.43159532557924	34.1678089697495	5.53350543597811	9.92938899133668	2.45130202503355	106.46911636484	2.20980173912902	4.0975558430897	68.2542322491654	52.6622420896451	2.73704836502211	6.36466234484075	4.25429551670486	5.40413435190731	4.90569078625351	2.54127724951212	2.07630747963709	2.69000360709373	4.77719124990478	2.74069487209288	1.1165107178756
ENSG00000204164.5	rest	ENSG00000204164	58.2720581246046	11.8747510136249	19.2045573308317	36.8637045878836	7.96761540341983	8.12689331319693	27.9487830533207	6.22575603112022	3.07635030820756	2.16850080342511	34.4944903507864	5.74793237410961	9.8864673337391	2.46388645190765	106.379479308164	2.04707899188119	4.00635235241354	68.3197077474974	52.6054500605863	2.60936408923422	6.41608396393566	4.26761434091344	5.39720900230391	4.90148881130071	2.57641524263351	2.0689485903471	2.69004995440774	4.77560452230899	2.74747237508453	1.13106229931939
ENSG00000204272.5	rest	ENSG00000204272	56.6295973383718	12.0627945512157	19.6581295912806	36.0070952188448	7.91610707886591	7.58163150345476	27.6174220120297	6.83990048995953	2.97320444800892	1.84078066638703	33.9633717001013	5.57560624600623	10.0997592629689	2.38576889334504	106.430897764173	2.26952373155697	4.01031249485995	68.1918029730353	52.486915426157	2.36553607972111	6.40649566935244	4.2462025763841	5.37306937546302	4.88226463305021	2.55734488649914	2.0878531388826	2.68025805380187	4.77335238462639	2.73501783042358	1.11389866417564
ENSG00000205662.2	rest	ENSG00000205662	58.1096566543107	11.4727460880273	19.199291780332	36.8935193341298	7.43509357174838	7.36411308264643	27.9767371278532	6.57005362470807	3.25710543650213	2.29259310430492	34.447010213701	5.5128036193296	9.61557341304335	2.31424068346959	106.442747631468	2.25191518503672	4.03821845802878	68.1372709954396	52.6235804300809	2.61613879311274	6.46024930386095	4.256096797082	5.39999514055169	4.90774044558565	2.58353455536683	2.05850569612149	2.69120859240839	4.77514122783266	2.73647371966045	1.12786332615241
ENSG00000205663.4	rest	ENSG00000205663	56.711948093539	11.1784620870787	18.6268035373805	37.1343379227834	6.87129372819545	6.2027124983239	27.7928390419808	6.78997998370447	3.89484224154903	2.18375843517228	34.6093475905858	5.41150344370919	9.34574907782534	2.23759359514598	106.5056718846	2.23203787348059	4.10763698214228	67.9977754584423	52.4716938096637	2.66696855792777	6.439803090592	4.25201301627633	5.38384204178512	4.90387291467581	2.57150329014371	2.0357573817297	2.69603207062145	4.77284527103642	2.72601017306359	1.12140981289583
ENSG00000212978.4	rest	ENSG00000212978	57.8927991762597	11.9779470861699	19.7152727644174	36.4281510813647	8.10147933672597	7.60002157041318	27.5809793488867	6.90539691860823	3.18250244255929	2.31914772976788	34.1938772105699	5.65200196870236	10.0746708329236	2.26317797048066	106.37452259792	2.18823497827431	3.93129104652429	68.5625995392627	52.7850225413374	2.54549472462577	6.44182173570246	4.28446457626475	5.38852089955289	4.87491493042482	2.56946978127133	2.0367590617148	2.69586797104793	4.78142584659907	2.73297031103848	1.12138445719249
ENSG00000214049.3	true	ENSG00000214049	57.8605377033136	11.9085171379184	18.5589791596807	39.3021847640145	6.90702587063322	9.36670849510104	27.259355081139	6.66271085472382	3.34274821092341	3.20286425914301	34.1754855377826	5.0385352453131	9.98909370041826	2.63651466528302	106.518588869981	1.96717160372792	3.95315854854619	68.3057750636229	52.6354640332222	2.6398895738452	6.29873525942824	4.21936367826509	5.37136636766915	4.89851917291414	2.57357917015897	2.07997925631205	2.69900962904373	4.77725460432809	2.73715495658517	1.12007862908681
ENSG00000214548.7	true	ENSG00000214548	56.3183828334804	12.4988665628548	20.9994432007888	35.1680453747109	8.17659351082477	8.74962387027065	26.825570534401	5.44829235906834	3.09047627421556	2.28931776307651	34.2090316988857	5.406989542875	9.33977429126367	2.77330735454569	106.622755065968	1.85435633451609	4.34223445092318	68.3582692476191	52.4806054011176	2.21610107313598	6.38698698254688	4.19965332204399	5.36973754469037	4.85223360843786	2.58769892705694	2.05909395110241	2.67709581537655	4.7881770791455	2.72589262325881	1.11439309488861
ENSG00000214719.4	rest	ENSG00000214719	58.013984915498	12.0372482930445	19.1984194316545	36.445579487866	8.48838520646868	8.00931038404705	27.8812509216552	6.26739508112378	3.24814152829877	2.19340620996048	34.2073121961928	5.63645974170207	10.0390088202376	2.15753899550388	106.417672148816	1.99921640414846	4.15210880602008	68.4063484448144	52.6240034921993	2.59246905356554	6.44931742026733	4.23255596247929	5.39843744368125	4.88929595603651	2.57393974838125	2.0554591137181	2.69479285205981	4.77841504109045	2.74561326660382	1.11411060797351
ENSG00000215417.4	true	ENSG00000215417	58.5478491693249	11.5879113705114	19.0436297067322	37.7812448901449	6.71427286547969	8.62098935293458	27.569483863805	6.12638559970382	3.51727285596205	2.47680385897929	34.6893243272081	5.80807944179887	9.92377130473112	2.46429679621861	106.138281629025	2.25292485349923	4.15151361981689	68.421383313914	52.6736790432083	2.55440745805131	6.42254470102013	4.22031563932785	5.39705854294918	4.8790678116692	2.57814243903345	2.05356417720431	2.69281154727875	4.77917393603637	2.73423892914547	1.12334488202723
ENSG00000215447.3	rest	ENSG00000215447	58.0833015448305	12.0077332804355	19.6431954481901	36.4264336596036	8.10586649588042	7.97004087772463	27.9754033361866	6.36572459252178	2.83960694589373	2.43815419303496	34.2798262632173	5.7547315744062	9.92469095653889	2.55464872235968	106.267854568249	2.12304238792153	4.17914761058082	68.1622769329396	52.5892040721994	2.62172738888175	6.40765853215505	4.29270252087618	5.42104537454106	4.8664986963012	2.56466906214372	2.07442444090871	2.69795055900301	4.78301207605248	2.73720227722985	1.13110945603705
ENSG00000215908.4	rest	ENSG00000215908	58.2648929250197	11.9406763835104	19.2098862304996	36.8460971741129	8.05460072923898	7.98934885122525	27.6954441835514	5.84898878925243	3.16201809451688	2.2658831772316	34.7107150350893	5.66610583468328	9.98753172416442	2.38293468371128	106.469529821086	1.96856921292087	4.00448024754791	68.3207365403025	52.5923668124859	2.63565833682657	6.46050730324367	4.30860758246734	5.42114038016091	4.86253997100209	2.5916383656176	2.0538678336192	2.6976008127254	4.77881980809319	2.73950285612514	1.12435768078972
ENSG00000219481.3	rest	ENSG00000219481	56.502518908304	12.2600065095441	19.7685917466741	36.6400684754399	8.23965983087134	8.27411182310352	27.725130671294	5.81757062904702	2.45470872949661	2.12204552499642	34.5597390031161	5.89335447145172	9.5546178345401	2.57993710155746	106.461125342447	2.12065076718365	4.26941111668736	68.1434858588633	52.5809883629084	2.68000455406314	6.40659567437945	4.24137232323737	5.45953920939594	4.88896252325468	2.58778000340364	2.04439484371425	2.72538004599477	4.756664972743	2.73833466080616	1.0989690220519
ENSG00000222041.5	rest	ENSG00000222041	53.2470308979398	12.6440138816989	21.0761996488972	35.9821479094931	7.12728201973739	9.30815981896359	27.0386944961548	5.34869584209557	3.90988311289861	1.76193507804691	35.0897007042995	5.3136556875174	9.32619500534756	4.16687026195259	106.372304252548	1.31622997892292	4.98196107471782	68.1271785795726	52.2980149920259	2.72196778336553	6.35326598458554	4.35967376155467	5.27250818021289	4.83152347901568	2.48361428034449	1.97090964264408	2.68485422402291	4.79921000228163	2.74818820114451	1.18757082578215
ENSG00000223380.3	rest	ENSG00000223380	49.1055221929222	12.4629466023747	22.7458394594717	34.013169838511	7.78977262266253	9.75277917218246	27.8204183931782	7.82097131169948	3.54334163375064	5.49522938868425	34.7789782892837	6.38826131561827	9.66389158088634	2.0464881071295	106.165552966006	2.53956301365482	3.68551515342825	68.0900155829944	52.403632995028	2.79916655177237	6.42187065640352	4.2953556880878	5.64701894368897	4.87172484663775	2.57107125196274	1.98095752328518	2.71431066166538	4.74017068199447	2.76286727462859	1.16576533527512
ENSG00000223414.1	rest	ENSG00000223414	58.6006282747828	12.0121046805631	19.2031205655591	37.3953376952747	8.39827575154047	8.63791484301121	27.6111069860198	7.06448801081753	2.80147042768879	2.11603963388053	33.6133993857777	5.2096784107392	9.89033410766276	2.26002204644078	106.71787931796	2.03717202377621	3.78795295008128	68.2439153977153	52.4970104768355	2.68840819745158	6.27248465215947	4.21679195986977	5.36523320268547	4.86786240843597	2.64628758602885	2.04415652405205	2.69395153929459	4.78141389205321	2.74378453710932	1.1244896967394
ENSG00000223477.1	rest	ENSG00000223477	58.9590558507162	11.8988104966132	19.5221550652407	36.7300900712316	8.06943458244809	8.09624457130855	27.7779996269649	6.66729797173016	3.08724251676918	1.79931224176836	34.0759072579155	5.64275030007152	9.86584474062465	2.25329674164621	106.410364044528	2.26513692677071	4.00838012761036	68.4062543018684	52.6187047697774	2.59453241708227	6.39548601985476	4.25323705066902	5.38647207708314	4.84567635274674	2.62224743771175	2.03926007890998	2.6931798336219	4.7828018428074	2.75186292358975	1.12384482856422
ENSG00000223573.1	true	ENSG00000223573	58.9985391877851	11.9181141438971	19.4101977453631	36.755066960441	8.18283108511505	7.87315022816257	27.5802465218611	6.7646920937242	2.97820441338525	2.17976269469419	34.3788947614559	5.82244793192804	9.68792667142721	2.49216397192729	106.308823037336	2.32808361964306	4.12650732862463	68.3768531007552	52.6419847899247	2.59663039677709	6.39170808265313	4.3040182140116	5.39290192451213	4.86601626291679	2.55947187416472	2.07229234227148	2.68909203549028	4.7779418253422	2.74284866220474	1.12186891760708
ENSG00000223745.1	rest	ENSG00000223745	58.6396590613593	11.4199506973022	19.3630297280407	36.7898524837192	7.79508558433158	8.0697712258137	27.9064748654325	6.36105459234832	3.02656073840135	2.24367115897948	34.355133422567	5.67276933446446	9.84355820167843	2.42562378432504	106.316097309581	2.14342108768549	4.12023288630687	68.3012092006811	52.6328137500748	2.61356544461529	6.43805916424634	4.27062276522751	5.40250591487569	4.8893292398959	2.57412174234599	2.06169469705289	2.69186886375787	4.77714296757036	2.73943600652719	1.12629613947366
ENSG00000223768.1	rest	ENSG00000223768	58.0972364306195	11.9919231098779	19.6050348260034	36.5154140666717	8.11660533124162	8.05604231835352	27.8348479351288	6.40424361493664	2.70491418009433	2.44370951779152	34.4215598504511	5.79216979352568	9.83956198382721	2.41018887687031	106.387808903407	2.1610933824653	4.01245616021893	68.183101742323	52.5496683166864	2.54285748839189	6.46144436884972	4.26665754298258	5.40626786640342	4.88238182210254	2.60309579715012	2.06680682927048	2.69313725321083	4.77564852011778	2.73950417494831	1.12873920606538
ENSG00000223808.1	rest	ENSG00000223808	59.1581380029485	11.8969536494662	19.4833671046855	36.6935869222749	8.16437738972308	8.03817118656867	27.6389855787069	6.65546837957252	2.94054701140549	2.21096410074913	34.3852614459961	5.84326850183339	9.71495066884089	2.45814265111861	106.303542488344	2.31357165890823	4.11110389439048	68.3456192515509	52.6098036391879	2.6255592705445	6.46006968982145	4.2503619115028	5.40396608255108	4.85903822164596	2.57579089782278	2.06608043136481	2.69043994187996	4.77743770282761	2.73755431128519	1.12292745068355
ENSG00000223812.1	rest	ENSG00000223812	59.1329630892809	11.8359598420127	19.5076489018197	36.802596245466	7.85136529045998	8.09859579319225	27.7630610334009	6.50569979435215	3.14368131132006	2.24800006400594	34.3669330299941	5.65576071353065	9.83563539871949	2.43795696855788	106.349491022975	2.20833090105233	4.09102537706524	68.3592999733746	52.6353431295124	2.59864869411705	6.42095589279626	4.26468373701311	5.39612179128431	4.87168006989212	2.57174586781321	2.06658816784689	2.69237477427167	4.77779009860125	2.74035043233901	1.12305368490099
ENSG00000223959.3	rest	ENSG00000223959	56.3757169913559	12.4808505868303	17.828470164855	36.5343580800843	8.59826133713585	7.12384157352114	25.8747515931456	5.30058169883316	2.5935805381355	2.50404348376959	34.7039390403976	6.10692639674612	10.0079845704317	2.10384425690961	106.513573649115	2.56595733187493	4.01378072208813	68.360313959035	52.5939547582993	2.65579063239075	6.27892073610236	4.27898949635987	5.39669433863672	4.92126451289046	2.53825596144399	2.06686943990499	2.69652670932555	4.78659368689893	2.75803787054254	1.12600733276232
ENSG00000224032.2	true	ENSG00000224032	57.2546693571463	12.1261993451924	18.5307347716306	35.9656589956984	7.90301916883053	8.70274514184931	27.8455567162295	5.97815310105034	3.01983983447181	1.72456793963154	34.5182562051899	5.59495996526015	9.95748398078868	3.14018648648918	106.536869625031	2.36594038653656	3.91180429852872	68.2917164863035	52.486025755353	2.69392185141768	6.44535408386546	4.29436933389623	5.42986714758109	4.84561733530204	2.55418413303775	2.02829059180004	2.68973503175424	4.77328422563462	2.74980199344343	1.13469212871436
ENSG00000224137.1	rest	ENSG00000224137	58.9614711385704	10.3536923441319	19.3008892709433	36.4230295968166	8.29603779880186	8.21667296642447	27.5904517992013	6.60945763677742	3.22551636602324	2.2092506387098	34.2904082697919	5.67271195496581	9.81027993074414	2.44922764384221	106.39609479877	2.20578834194031	4.09172289813426	68.3428805809991	52.6184547563097	2.60687056939341	6.40891293482971	4.27210605045313	5.39816532588516	4.88004103546564	2.5734696303679	2.06565239673922	2.69330059776849	4.77781098551679	2.74066849613966	1.12319084457637
ENSG00000224818.1	rest	ENSG00000224818	57.3391950799907	12.0835311576125	19.8894311594188	36.2077388182109	8.14180532936515	7.47799179896219	27.6405798412115	7.13626244949748	3.33914621328764	2.32335054871552	34.25805380084	5.80428886566466	10.3137079023427	2.70168874647351	105.99159193343	2.16513314003829	4.29164044899383	68.2167718661191	52.4260383800528	2.40588545626863	6.40288565893015	4.29369255390938	5.37216976966001	4.87120757559203	2.58236399024929	2.06824020479475	2.70518987814717	4.7940844443071	2.74712908206946	1.11606653309923
ENSG00000224870.2	rest	ENSG00000224870	58.3440558744217	11.8548549193447	19.2616935866449	36.7717180661275	7.82825459065483	7.91408158171262	27.9252235637625	6.42737697489918	3.06862213163296	2.37763361128043	34.3497810943884	5.55601394255786	9.9272075149911	2.54962741662969	106.336533426703	2.1777756767833	4.11079713719614	68.2982040948211	52.6560727956571	2.62770362916049	6.40882503851121	4.24624966394379	5.38935899199454	4.92109572988072	2.56707378103201	2.06283452274714	2.69618465894075	4.78343228610655	2.73828745431384	1.12470487850513
ENSG00000224930.2	rest	ENSG00000224930	58.8379481856759	11.9873528559512	19.3864582628874	37.0121141440484	8.39798230832441	8.27057268795658	27.6314100696149	6.86873057097742	3.10537938763928	2.56883918463197	33.9160649982941	5.40921393026424	10.1729291530339	2.53319515291991	106.378862700953	2.15329880665432	4.06531170479313	68.2212188886616	52.5378942340563	2.61692892565	6.37011298985332	4.20391169688889	5.36232425477157	4.91037811869956	2.55199010612013	2.08534648537601	2.68632676059319	4.7776747689169	2.74238764248844	1.12406498227299
ENSG00000224959.1	rest	ENSG00000224959	58.8093002551977	12.0543485701186	19.4958720737292	36.7526077862455	8.51664688059681	7.96238227349958	27.3211227544295	5.50398607730447	3.59897798111088	2.44320436495619	33.4326087435603	5.21240034933651	8.92954052133098	2.501190152184	105.210078620073	2.09740619755215	3.51574623771549	68.3062178539959	52.5498365030489	2.55051342757988	6.48245101524751	4.35412676465741	5.32251064914113	4.88044425474567	2.57850004506487	2.04347898449278	2.707742450793	4.77151610302804	2.74424501689008	1.12427224720082
ENSG00000225135.1	rest	ENSG00000225135	58.7592070706451	11.8223673377791	19.5489856632357	36.8833540416907	7.6896032372681	8.20168837401129	27.7442258877612	6.48231529782198	3.20922213661464	2.34732509165178	34.4391267277999	5.75581182811239	9.81143829077315	2.41138674699916	106.325829924337	2.22513313227675	4.06674420025464	68.3756299709357	52.6458604461169	2.55612221360791	6.42406268808103	4.2503847514591	5.40037870624224	4.87308438700267	2.5757807536332	2.06032742772114	2.69516719893361	4.77585202638021	2.74004795378838	1.12496224428238
ENSG00000225151.4	rest	ENSG00000225151	57.7476525658568	11.98991490355	18.2025969410298	36.339816630521	8.18279860188103	7.94458940605261	28.0628941402698	6.20691700157681	2.93699012457449	2.17002802727175	34.134998915863	5.67257737611664	9.8987516863046	2.4222902428893	106.369973922282	2.31294276379114	4.08488066080742	68.2819840555242	52.5292167643216	2.39389446402787	6.39999558449471	4.27507638759898	5.42118570240029	4.86142008462379	2.62036509570888	2.07162826755344	2.6898705005185	4.77821029347876	2.74537417077731	1.12271186476597
ENSG00000225210.1	rest	ENSG00000225210	57.8128575386179	12.0743231095771	18.8038655023562	38.153080200934	9.32780975888355	7.99034534560373	28.9261138840617	5.78084649310607	3.08833495372956	2.47291975731084	34.1602622835369	5.81973430512541	9.94075545320475	2.15240917539067	106.278399545421	2.76078453757327	4.16522796840423	68.0730513636904	52.6725834715835	2.49535387988059	6.12998442196556	4.37833927753329	5.35155884970157	4.86737949530169	2.57502922602284	2.00619361511899	2.6830154468864	4.79094705476492	2.72550358249163	1.12181236902628
ENSG00000225241.2	rest	ENSG00000225241	57.4742328002598	11.9546148375494	19.8270803331434	36.4615305790243	8.08222618091885	7.74219208124979	27.7418276557908	6.82392541867613	3.5075363800773	2.50216982446418	34.306063293752	5.66080165042426	9.60751499694373	2.23167344582792	106.391375945771	2.34107659751718	3.97569353647004	68.496243729645	52.5962176470442	2.468682273331	6.32764538013998	4.27640590515127	5.40533205427205	4.86112081501658	2.57539669675864	2.11056796661029	2.68932585998814	4.76835826997052	2.73657907215593	1.10741696137719
ENSG00000225746.2	rest	ENSG00000225746	59.0605868509653	11.9145956008458	19.6437254811334	36.5394221833745	8.11224671516443	8.07221399510327	27.6161383279025	6.3900716045291	3.18324268240394	2.24947947766495	34.1198801444495	5.51125107319486	9.50842040733126	2.46341216238107	105.99823802962	2.0686924956339	3.86007090170679	68.3798585809736	52.5732562162986	2.56313036254501	6.31066638654814	4.20231091673208	5.77073237999481	4.91142249124261	2.5533007977501	2.06190876418121	2.67715425557708	4.7978404545073	2.73866449289583	1.12026678523945
ENSG00000225760.1	rest	ENSG00000225760	58.7032622290581	11.8977983907997	19.3102360586915	36.7559178331094	7.81877388918971	8.08225223687334	27.6225448076775	6.30083378514164	3.23096070119635	2.30014243963537	34.4256093245071	5.61410470344777	9.88257764760255	2.41361054188929	106.377721190986	2.22907077602372	4.11025642374049	68.3745030952228	52.6245297030386	2.60968880949278	6.4144621760336	4.25916359415107	5.40075718938282	4.86560813025079	2.56897789199854	2.06624818863552	2.70286447926505	4.78431221035703	2.7361045104126	1.1204673858054
ENSG00000225791.1	rest	ENSG00000225791	58.1865018744272	11.9206599443467	19.6998634144872	36.4447421165138	8.05611383404852	8.14847672698223	27.9615418107973	6.54145140257918	3.00394535192285	2.37625443760997	34.3199621626666	5.73925642765238	9.95185970299127	2.51370951278301	106.303064579306	2.14175793076132	4.09322035752542	68.2528341405841	52.582551222814	2.69695717298964	6.43199322108436	4.31881242920359	5.40676001690846	4.8806365881233	2.56690565708557	2.06224127560519	2.69543849742201	4.77934574811628	2.74150758401347	1.13491481010507
ENSG00000225873.1	rest	ENSG00000225873	59.0965528458264	11.8275171544414	19.4769136627281	36.8712647171528	7.85301571033624	8.13773876662278	27.7550882188855	6.45530215178369	3.2139032067916	2.24891828303669	34.4408991349306	5.677937513882	9.85502230468324	2.4233350580669	106.337488714017	2.1831194675838	4.08422941770084	68.3740632463	52.6248305893867	2.59495533754466	6.4136927876156	4.25977434015285	5.39448450949635	4.86919705852871	2.56932976293465	2.06569783611147	2.69283217546467	4.77816094751755	2.73999218026442	1.12298277923895
ENSG00000226007.1	rest	ENSG00000226007	58.9860080656029	11.8308185747761	19.533818065258	36.6580385570282	8.07385185181817	8.12992535617199	27.7280604320521	6.5510373872135	3.02833381651376	1.80999950490356	34.109422827448	5.70058224453326	9.88878333030292	2.20887882514574	106.406504958121	2.28398709994678	4.01201846941972	68.4012408508793	52.6131291866044	2.5952042675228	6.43526798877271	4.23883143887926	5.40315073463682	4.87190071621496	2.54086968751494	2.07509801945292	2.69642770312232	4.77534258645617	2.74158285152473	1.12081288553816
ENSG00000226363.1	rest	ENSG00000226363	58.9233122114075	11.9929030010244	19.5703988302465	36.4596496644619	8.17948504630724	7.81582532477847	26.8624742232815	5.69568627750487	2.9177249830326	2.27367335698202	34.2644168256922	5.48426115403041	9.96901353620056	2.17090612192827	106.845329894276	2.14282362574282	4.11311660986998	68.2825183393761	52.6341501459953	2.69084970782218	6.48401552755857	4.22686078850229	5.43756785465301	4.8291086186064	2.60397922431048	2.05547699834803	2.69704493184262	4.77184589365446	2.73606715939649	1.12925743764547
ENSG00000226453.1	rest	ENSG00000226453	58.9658897742934	11.938179635787	19.3404069074262	36.9105493150388	8.55700266127034	8.06803398095886	28.0053563438788	6.37203691993209	3.42180742961869	2.24908616724686	34.5404819501799	5.71955612965329	9.89203698009684	2.36895450348106	106.381593064122	2.12141288451937	4.05982237368237	68.3445148905978	52.5672091689425	2.56017804538229	6.42816032266033	4.27216558536521	5.40150489049946	4.87769016030263	2.55624787405229	2.06724577587968	2.69321070854725	4.77554938506234	2.74017019464278	1.12258709245609
ENSG00000226900.1	rest	ENSG00000226900	59.0211690419086	11.9195936001799	19.4738299552788	36.6799817852433	8.29829190482146	8.0568745219866	27.9746242171544	6.4545154748492	3.1701075453326	2.17278696614932	34.5546936598029	5.72383020064487	9.87506400807008	2.4205781740635	106.406685983983	1.96544008617759	3.95992478673751	68.3390376641846	52.5716378156683	2.63720222404326	6.40311479689083	4.31731382840142	5.40223277975776	4.86187520494415	2.57507468112218	2.06911647086944	2.69505272800666	4.77769764517965	2.74321000692669	1.12170517220558
ENSG00000226950.2	true	ENSG00000226950	47.2574536383232	16.1024012200487	1	27.3868016831195	4.74296990458657	9.21994212852418	24.4550464643134	1.03046811455363	4.64739841617731	4.05528996869428	36.0973639404849	4.35282569670085	12.2509414916718	3.73991509018513	108.240958681733	3.40711231882509	1	68.782632084565	51.4298791377687	1	6.56674109644945	4.17919046426247	5.65717517665086	4.61815206775274	2.84294299055278	1.89602971073986	2.77818185405323	4.73925015147081	2.64444159602476	1.21468022873687
ENSG00000227036.1	rest	ENSG00000227036	58.09768215961	11.9416551010074	19.3767595135435	36.8383163074041	8.19925753059103	7.23221880874181	27.7482570927528	7.010378776173	3.43498847096567	1.44759568906802	34.2488327941673	5.62993507484773	9.81974472298952	2.38827159032921	106.378689560895	2.1885205238042	4.07296181304958	68.5225272388675	52.6697928083206	2.37332856415893	6.42176946848387	4.26947526054154	5.37226879101786	4.85127072937872	2.55573484644203	2.04008375095064	2.68750215869038	4.77225592745438	2.73824148919045	1.13078119470184
ENSG00000227502.1	rest	ENSG00000227502	59.0625002532225	11.265040209093	19.4185483735633	36.5973878149422	8.27760199188581	8.12772344649304	27.7432203995246	6.5501425517685	3.21814229380932	2.17103574005624	34.3757733186264	5.69099264429667	9.85247965082808	2.39776360302193	106.398590514855	2.12772329466395	4.03723018335286	68.3564001326837	52.5824606936472	2.59715626689272	6.4190491485699	4.30432464492364	5.40535824224348	4.85947418738086	2.57732111232776	2.06763629367352	2.69534390950507	4.77868237021356	2.74074681256448	1.12176208780839
ENSG00000227674.1	rest	ENSG00000227674	59.0439864270416	11.6371461158909	19.3879785163617	36.8491552893067	8.24872600710919	8.06046205500503	27.8746057647835	6.42855419536807	3.34821586857031	2.39490939343495	34.0988085212392	5.68911340030677	9.79078982976814	2.47137382960578	106.472202565712	2.35841029692323	4.25643759849503	68.6776378667676	52.1524202114671	2.68114369236497	6.44626057392137	4.23451600228378	5.38362335210329	4.95154359570908	2.56198670739872	2.05335907834873	2.68854486360817	4.77931297566604	2.73785844215071	1.12542547329775
ENSG00000227681.1	rest	ENSG00000227681	59.0642115719123	11.8484733931069	19.4581182215178	36.9475867688349	7.82577898021276	8.17852769925767	27.7682445444496	6.42536188059803	3.26716670759545	2.24120219000863	34.5466211115669	5.68546725300894	9.8774853852202	2.40351934215805	106.301426743967	2.14761845685513	4.07424562648663	68.3877878136237	52.6143433642816	2.58478966390719	6.40775925656253	4.26332588469651	5.39514329771629	4.86495785402559	2.57231908829316	2.06488084535529	2.695046703139	4.77708817990865	2.7397871516999	1.1228674999768
ENSG00000227932.1	rest	ENSG00000227932	59.0807374174239	11.8253834359265	19.4691527581151	36.9613881546862	7.65236338977095	8.19773409161779	27.7044804087907	6.44247843715289	3.24470409884734	2.27119780150698	34.456110645394	5.67826202235297	9.85130168045621	2.43905383310094	106.294389143809	2.23345056046522	4.11987139735416	68.3894422695953	52.6449622254443	2.58978351929962	6.420861208692	4.25436995780864	5.39502589491786	4.86650041813758	2.56954931107229	2.06289675867234	2.692960740234	4.77871619438437	2.73921901939103	1.12312878714719
ENSG00000228223.1	rest	ENSG00000228223	58.7525893634074	11.8550950729169	19.4269801974732	36.8651283950355	7.86402128866006	8.3215968261952	27.6335329998715	6.63231902339295	3.13835801575741	2.32830462135321	34.2599414004213	5.64356746559258	9.81050995595237	2.44640990043233	106.428078729896	2.14327164197347	4.03784720469607	68.3444666926418	52.6102806803297	2.64518676423727	6.40081690376398	4.28052032868703	5.40092215952212	4.86708245433565	2.57341941395986	2.06588031993046	2.69710727863942	4.77676169166435	2.74059489351141	1.12146407192269
ENSG00000228327.2	rest	ENSG00000228327	58.6250041826008	11.8993256179295	19.1924290926415	36.8461627371601	7.92238196061442	8.03451285079286	27.7747831173954	6.41999282118032	3.22883012382518	2.28569780085813	34.3581551203738	5.8506413836458	9.73166385625048	2.36101290349822	106.24677119528	2.14371276768749	4.25572472005202	68.3469315838076	52.6118641611695	2.6290367142713	6.39674409438362	4.26668117269473	5.38663564181691	4.89781975932348	2.5600649768926	2.06172894582334	2.69180700425573	4.77999501368437	2.73923558055268	1.12132903630075
ENSG00000228474.1	rest	ENSG00000228474	25.8263999502068	15.7304551148186	24.5250829590456	25.4709907369628	6.90524424635915	1.01390319473259	24.3106631908218	2.15789914377076	4.78910667770184	8.61341063910051	36.564781291656	3.98859826111536	11.4786685390808	1	110.294282680349	2.9431548966242	1.29048420800747	72.2487138321575	57.0296211871925	5.81725623190294	8.13700925841083	4.95233163742613	5.91242786084184	4.80407193589461	2.24375768155563	1.29468518537618	2.99398558515206	4.81219442248024	2.81596703393598	1.29562711859093
ENSG00000228682.2	rest	ENSG00000228682	59.1251516899888	11.3970928062126	19.4563842429853	36.5911412027755	8.10528141081772	8.01570360939499	27.7583782232019	6.55839845624309	3.1356492323495	2.29778858328601	34.1945490986627	5.69656402661616	9.78541196837744	2.42566447376961	106.452684044149	2.20522850331486	4.19662966889016	68.7933503882939	51.9728032912515	2.75220962352146	6.39967962256191	4.30313727880865	5.38393725258322	4.93526343180592	2.58997028544103	2.05414513459005	2.69460478311535	4.78185525083894	2.73655194917904	1.12507572810664
ENSG00000228709.1	rest	ENSG00000228709	58.890321698582	12.0416975694144	18.81663446097	36.3969276277862	8.18816247030727	8.00664090162253	28.1783798643395	6.33995154709287	3.08670868206688	2.23737789109736	34.4157245908223	5.71529896344224	9.85601878647243	2.16957522719828	106.357881815148	1.82655209848753	4.11793331909684	68.2526172794601	52.61890343944	2.6355142928949	6.4194587682518	4.29430245619619	5.39058271758115	4.85500154442004	2.57182446864266	2.05994760684787	2.69509733600743	4.78411188870017	2.74114098847953	1.12104648239104
ENSG00000229152.1	rest	ENSG00000229152	58.9825728024935	11.51778653069	19.4135898946855	36.7633996799204	7.98753825375087	8.20853079055181	27.6955977175886	6.57744825595605	3.13403976644932	2.25191766654589	34.3371827718711	5.61753432642387	9.83823636174448	2.44403718449669	106.387332875353	2.15575029636627	4.05246134519065	68.3139031355	52.6163666112426	2.5755333177057	6.39528189306447	4.26526004384733	5.39653941061895	4.86774190846505	2.57656170697325	2.06948713253461	2.69294702499507	4.77713113068411	2.74083910829217	1.1231888253184
ENSG00000229205.1	rest	ENSG00000229205	59.0479415297889	11.818725812883	19.4486208790214	37.0397004181486	7.55611338013401	8.21558570533484	27.6906946518272	6.38391635281434	3.31350762586324	2.30108769454915	34.4145270254405	5.79285458248388	9.84190136808765	2.47265214630769	106.316224688822	2.21569051890905	4.09591812461367	68.3756830756761	52.6581095061886	2.58614732445423	6.42655652053124	4.24997016168615	5.39399763473666	4.88037012407172	2.57172161202221	2.06286448131537	2.69111545812797	4.77883606638862	2.73946849440019	1.12250801789166
ENSG00000229308.1	rest	ENSG00000229308	58.8720810998023	12.0244747026071	19.6034346856013	36.4144691821655	8.23167375906319	7.77696703645647	26.6753762380004	5.41196165692299	2.98587866067075	2.29648155920108	34.0617993705451	5.30246481425335	9.66839273244657	2.17352103308617	106.393003482158	2.01107691481656	3.83809927354482	68.2842236179902	52.5909979894786	2.69784779790961	6.53314850892038	4.27133306121593	5.29652566809292	4.86561984655829	2.52625868910952	2.08047821813127	2.67676554709086	4.7926566232156	2.74067038442353	1.12606817377584
ENSG00000229656.2	rest	ENSG00000229656	58.8406442647999	11.9057656663957	19.5282424041744	36.7207116875015	8.02054564976073	7.98251128647369	27.7607614817476	6.72813662641545	3.15481471196897	1.60413233829357	34.0662644741399	5.65000654033885	9.86550327566333	2.16907043509933	106.419440244027	2.29447853935557	3.98140429334102	68.3867433656131	52.5901887281852	2.59827536179494	6.41577904219892	4.23174485372818	5.39127605333522	4.8655712003105	2.55135518319383	2.06393218144682	2.69469465611621	4.77760670963783	2.74323121115475	1.12151446696029
ENSG00000229807.3	true	ENSG00000229807	56.6980832841697	7.33681114671027	18.6672250208835	37.0428086622453	6.99275079683858	6.71353676866879	29.1639499895276	5.74893433099358	2.20152347653434	3.14755820352516	34.0259632528678	5.70817220607195	9.8255386940831	2.44060852940009	106.369279697709	2.11855866816372	4.00245825240042	68.7483403242064	52.3608613991639	2.60181977869684	6.4370024032143	4.21792263948451	5.38748112375412	4.78773372722002	2.53706946254738	2.06360831740167	2.69480231580462	4.78294906193795	2.74097353207153	1.11838523488638
ENSG00000230257.1	rest	ENSG00000230257	58.9453053638231	11.8087067753434	19.409687316399	37.1882842508416	7.35160962868366	8.27164645953438	27.5905640174661	6.22446103545868	3.34406134895637	2.33456500362982	34.5287969689238	5.74418571205478	9.88182005965109	2.43444372668397	106.271388583472	2.24185032425311	4.13689090181711	68.393707158728	52.6680015139014	2.58196614084335	6.43383798095515	4.2359696693135	5.39586485981945	4.87143443905942	2.57252136558069	2.05825700198948	2.69243583775119	4.77936831477403	2.73768653807461	1.12395405444581
ENSG00000230724.3	rest	ENSG00000230724	58.5402212693438	11.9582009063226	18.8289869343967	36.6369352100075	7.68902334454088	7.87293649585713	27.560569614127	6.15950063635144	3.12621774415706	2.28654559382059	34.5131463621533	5.69083612467187	9.84409698629771	2.46808806979491	106.433854673389	2.36455388773296	4.00877178172614	68.2861466693168	52.5786225546092	2.58956652095066	6.45644373274941	4.2262247453157	5.41426723725296	4.87925943304194	2.58563849697547	2.06300512011941	2.6968088057269	4.77546098366745	2.73118457565255	1.12472348091922
ENSG00000230937.3	rest	ENSG00000230937	56.2469853573474	12.1176504008698	18.4207138975408	36.8794044051517	7.52533235657798	3.2112744412902	26.5510021590878	9.14436667529749	4.95658911701807	1.03023255658129	34.3949336972851	4.92110716535271	9.44139158978605	3.16615068171358	106.445184702344	1.38901207653455	4.66546039630756	69.9534370064538	53.7886939526831	1.58836587333951	6.30135545702431	4.35572805012437	5.20967497962957	4.75710995055597	2.63931461312854	2.32150442336052	2.51996767127228	4.78380821995435	3.13924814244622	1.09934867994321
ENSG00000230952.1	rest	ENSG00000230952	58.7839719379581	12.092002976164	19.1715571311258	37.2848757462702	9.37008547274671	8.09176760068331	28.4296876511782	6.03782691697232	3.8667417096606	2.30395077302613	34.7489434474425	5.67917120971897	10.0104163596751	2.28583926352278	106.433313251729	2.07094687716657	4.04466618030349	68.3372305452508	52.5292788573677	2.46596686284256	6.48902155498887	4.25628319603638	5.41448005028574	4.88317778584247	2.53846037448951	2.06285656676118	2.69236313691442	4.77734046701429	2.74124266212344	1.12264218926619
ENSG00000231106.1	rest	ENSG00000231106	58.8903868863307	11.9097984043386	19.7880541579866	36.4276908034884	8.02603067252539	8.14207543164065	27.8377866953272	6.74369334711487	3.22368759410443	2.55847613935826	34.3714813480033	5.71550360394113	9.68788834931422	2.05623085285755	106.483915335531	2.37272047782047	3.82688655395155	68.5088183314268	52.7564280878588	2.75729283400253	6.45432289482995	4.28571438993544	5.41837470240589	4.86995448459143	2.55575928564658	2.06323275878691	2.69826319181596	4.78611767833144	2.73967847343282	1.12357606764282
ENSG00000231698.1	rest	ENSG00000231698	58.9275503283349	12.4271434534097	17.342235523242	35.2737148134291	7.65128285037547	8.43062250083656	28.0066761863727	6.53708433624125	3.22732642950748	2.32386015519978	34.3002616151941	5.60591419182241	9.86909963383595	2.46784487385499	106.379379907271	2.27594846226778	3.92725332174521	68.3204176536386	52.5678093256695	2.56576466302861	6.40640087984093	4.24868727316477	5.39305605137453	4.8743242994427	2.5673931605528	2.06590537421643	2.69429980142688	4.77727742377888	2.73803617196948	1.12276477412797
ENSG00000232151.3	rest	ENSG00000232151	58.6276293577598	11.6415961241232	19.4132174259043	36.5122312892335	8.06435831544581	7.97285012894047	27.7305799014469	6.70643452046432	3.15498147505734	2.15233828266763	34.284140948007	5.70605156947992	9.77348953388216	2.4499672766453	106.346260174884	2.21162137899892	4.05631429143953	68.4197793586314	52.6053539781361	2.4842876833554	6.40263193005743	4.23304514003185	5.42193383186782	4.88368759204081	2.56560739922701	2.05514600199811	2.68886725125777	4.77648801562937	2.74051499685932	1.12944425853353
ENSG00000232271.1	rest	ENSG00000232271	58.8768532206285	9.88181895298936	19.2207868416209	36.3616978768826	8.35632939567504	8.24323614795517	27.5580616140876	6.60092789931211	3.25336725200965	2.23193317316156	34.2669340887892	5.69118924490245	9.80207852604988	2.45004226753347	106.404509680962	2.21165124577701	4.1259827930562	68.4427150458608	52.464920127585	2.63976207901342	6.40422228600561	4.28044063763596	5.3961954878116	4.8990298315239	2.579391801987	2.06122662014069	2.6941637503311	4.7789328071311	2.73944397033532	1.12396702663227
ENSG00000232274.1	rest	ENSG00000232274	58.8395158159727	11.8391485733758	19.4826958946447	36.8320932315408	8.14837498910288	8.06318829722283	28.1006410328617	6.41237685424933	2.95040262035891	1.75527069479431	34.2030037245468	5.74944844006655	9.94614454850827	2.12894350036899	106.370465402867	2.17754873869552	3.9192967193344	68.3372344582006	52.5863351079607	2.58011376449873	6.41981750485098	4.23309995547587	5.39918326988953	4.87455087425928	2.55757496298164	2.06917477250296	2.69634661371908	4.77631823640256	2.74254759290825	1.12200720345386
ENSG00000232324.1	rest	ENSG00000232324	59.1118904270725	11.9072223917499	19.4879489427391	36.761011152072	8.2473259102049	8.10760662461525	27.8354058502065	6.54174747843696	3.21082885339634	2.14719785197636	34.2195565329947	5.61781928461811	9.8438972435674	2.3811097491367	106.411194225719	2.27047968394689	4.08810725694856	68.3582219071993	52.6195770300329	2.59480755737547	6.41339309071833	4.25179506821253	5.38711509800787	4.85568275466596	2.62411515168309	2.03490666755481	2.68682307605266	4.78015488158704	2.73957491245845	1.1250990438631
ENSG00000232388.1	rest	ENSG00000232388	52.4259634435812	12.0257161464793	19.3875495516168	36.4203173167485	9.28892902839985	8.10063814036468	28.7797321398778	5.94624547681866	3.86458448710654	1.60867194219421	34.4023537660639	5.58364873031889	9.81036502165845	2.78712941436802	106.097000914388	2.36760804088158	4.04041861890048	68.5565637603988	52.8251099360406	3.02897393825096	6.40170218621325	4.10505417995851	5.35373579277658	4.86076677635838	2.62805798422582	2.10379056899467	2.68535323988787	4.7849081180686	2.73894824194721	1.12165352177455
ENSG00000232527.3	rest	ENSG00000232527	57.6278509519852	11.9737322164515	19.8001879698626	36.4195361469809	8.10778018515195	7.42006410085963	27.6886696903177	6.67629304574259	3.46789679979571	2.08042167739596	34.4148516914482	5.55665254671514	9.88628661049381	2.52942440356958	106.412015542803	2.14783294160529	4.15087624514254	68.1181263654359	52.5017660103325	2.59267610348492	6.3876630251809	4.24145711802348	5.38850389753335	4.86313859314445	2.55889631060999	2.09961333275365	2.7209144961884	4.80023147001862	2.73341086912296	1.12130551616864
ENSG00000232774.2	rest	ENSG00000232774	57.3861558184547	12.3169073421129	20.6333849564759	35.5962470314215	8.31453862053471	7.89771780606393	26.9009717014467	7.67282738672588	3.60042688763936	3.78303950111509	33.218100994198	6.57325223304987	15.0860399433797	2.75279908630453	103.274409034007	2.11935122497787	4.46261325396064	66.2917188619708	51.0312793385567	2.60950801636849	6.45510485016645	4.28788542468889	5.25952980675636	4.86711715389103	2.63949589287034	2.16113478940176	2.57646813175423	4.789225823511	2.76242855400843	1.05605366147956
ENSG00000233137.1	rest	ENSG00000233137	57.6225576727477	11.4620969666183	19.3727696687564	36.5348419458188	8.0392504022581	8.20801135315394	27.7005094129175	6.70116721842627	3.01980354082174	2.411179969936	34.3081205770077	5.75542504106935	9.85376401858178	2.20200446592334	106.386402527414	2.23922179446828	3.89100628358224	68.3345233357838	52.6275730961682	2.60353481949722	6.43672930315719	4.27285171670589	5.41052367336184	4.85743174419632	2.58516858837293	2.0577497604783	2.69881685101086	4.78474771826587	2.73229801904634	1.11311670104331
ENSG00000233236.1	rest	ENSG00000233236	59.0957073790173	11.6045619108064	19.4618918391644	36.7979786101513	7.85671405174911	8.16871799419148	27.6956249310495	6.50934847641617	3.20740465676451	2.24507613528533	34.3993439501808	5.65455691360495	9.83869391322873	2.43537711878674	106.331880148565	2.22445640287877	4.11075778700428	68.3819193469202	52.6272628084703	2.59938553485287	6.41551923907155	4.25806540169709	5.3946709562226	4.86939924965081	2.56931517638875	2.06461385771818	2.69286689775538	4.77820432597506	2.7398246493224	1.12317414555381
ENSG00000234147.1	rest	ENSG00000234147	58.710116501461	11.5433021504504	19.2394245362804	37.3044996417352	7.95823859731582	8.3046309085875	27.9227458578732	6.26877839342296	3.38091050350688	2.40394514680866	34.6458315259403	5.61175030691883	9.94263367612285	2.37021659225874	106.303393496652	2.12268071882944	4.05578834146007	68.3596907784295	52.6109241791108	2.57706928638496	6.41360581589151	4.24141797360663	5.39643505938055	4.8840364382241	2.56350467284125	2.06345894220055	2.69456700664982	4.77842892696702	2.73936386150466	1.12402302060495
ENSG00000234327.1	rest	ENSG00000234327	57.3423167084556	11.1084115394207	19.0259661327474	37.1568506330861	7.45944189295485	8.61845143316702	27.3833743470087	6.54260998885848	3.02348447223687	2.40538051497738	34.4409038992302	5.5246133865493	10.380971752158	2.37647636065724	106.201486042317	2.11703927522918	3.84049646688608	68.2888814134298	52.6212026597591	2.57726181771102	6.4214853808219	4.3014283606682	5.40695166353875	4.85696053065988	2.57400278241632	2.05831326228928	2.69891155502169	4.77965392136333	2.74033455597509	1.11760787497572
ENSG00000234431.2	rest	ENSG00000234431	57.9346896913411	11.6015296927637	19.5589848463258	36.4426042910856	8.05036823145111	7.47877239074374	26.9157313840898	6.1672147643531	3.33534404334312	2.29722479739662	34.4277899011624	5.56699260577366	10.2168895814562	2.26674141862262	106.488174148634	2.10151353366134	4.07463782313355	68.2462295087375	52.598375952006	2.63918570433724	6.48396031164054	4.25661741472714	5.40442357174566	4.83928648601957	2.58470213963617	2.0375225850235	2.69082216019781	4.77632248126209	2.72821677684753	1.13053368190729
ENSG00000234449.1	rest	ENSG00000234449	56.9634555903249	11.3552732051875	18.6971386110609	37.0165160734177	6.95094282735017	6.2636006372746	27.6116228504375	6.96756350303816	3.99540194804687	2.14834332953759	34.5657172539733	5.45762448956479	9.38996648947786	2.3973929243708	106.549304306036	2.26410940967767	4.03318841277467	68.0388416577061	52.5081052363332	2.5527041192744	6.39464439910518	4.22582545468113	5.3999289324257	4.88798911582691	2.58268885440586	2.05366667814442	2.69085906062623	4.78623157922725	2.75837637114559	1.12091439318491
ENSG00000234456.2	rest	ENSG00000234456	57.6720412088	12.0829956292985	20.3294959877097	35.9438025659196	8.08340462408462	8.19555632160472	28.0501863342646	6.43545450485387	3.1441044601667	2.96125193776812	34.5694269703685	5.7254099627657	9.55515931055303	1.87334459777546	106.708661757812	2.31295132185956	3.74403396123259	68.4157459463574	52.7457216303767	2.67523466335919	6.47904385045134	4.29279225946425	5.42938843874612	4.88510897098408	2.58904647040324	2.05993044092842	2.68690794015874	4.78578490042649	2.73793927761795	1.12875500478386
ENSG00000234722.2	rest	ENSG00000234722	59.0177204401383	11.8073029772038	19.4305977399661	37.1142186256068	7.45929793434094	8.25171812316488	27.688903827933	6.35902968542763	3.33503443582897	2.31258989527623	34.4699016002304	5.78280099367845	9.85500989950727	2.46772839897095	106.284037112676	2.23096635922307	4.11537941127582	68.3877641987813	52.6632468308023	2.58118696589125	6.42616230952606	4.2458357859417	5.39492316302578	4.87769172553692	2.57181444423556	2.06100835799044	2.6917601130197	4.77908424362833	2.73885415502594	1.12280488772021
ENSG00000234741.2	true	ENSG00000234741	54.672193524664	11.9835242785495	17.7251517339889	37.8809891004641	7.36040160988446	8.50304901259851	27.5285126555756	6.13865822725951	3.47913247917666	2.17777205515284	33.7215393770687	5.81132153418933	9.93340326713138	2.07729628685002	106.377641301415	2.18179269966785	4.44082356359338	68.5236559247187	52.5658600911449	2.47165228341728	6.51088772838618	4.40905142127759	5.48771360802599	4.83102941005848	2.65108546644345	2.09055751708917	2.69791767540369	4.78033293604433	2.75624957731354	1.12698059242661
ENSG00000234883.1	true	ENSG00000234883	57.2424467594363	1	17.8303494527333	35.0403803617652	9.71521161034236	9.27611359719202	26.6076987179501	6.65062946914288	3.89879288831016	2.22558431697727	34.3568194374451	5.81207117984148	9.74127388174666	2.50162347740442	106.338984695582	2.2805417314524	4.15290186590802	67.9792422364766	52.9678636456099	2.39655793132891	6.3656235853836	4.23074869522894	5.41461284874777	4.92856599537855	2.59505473053601	2.05450356408447	2.69831598470729	4.77811633688483	2.73850422098175	1.12776681256633
ENSG00000234978.1	rest	ENSG00000234978	58.7373911145335	11.7167032216729	19.3972057025369	37.2515439028309	7.31995747712086	8.23934106841598	27.7608197816588	6.30118939311606	3.25362467354037	2.35659003884308	34.4944272307137	5.81066788951917	9.90111510242286	2.4369292222292	106.20312526428	2.26960876238733	4.12688343387758	68.3665530136964	52.6603136122556	2.53308174301229	6.42474227005632	4.22663746430882	5.39813194824114	4.86760157159203	2.57417362070166	2.0578416211912	2.69202473728698	4.77828585557112	2.73939577324766	1.1238025778533
ENSG00000235152.1	rest	ENSG00000235152	59.1186544312638	12.06036317963	18.7943371265851	36.1927624608748	7.93109330286676	8.17344499815053	27.8417761019292	6.63635884633336	3.18631124967237	2.30429352311562	34.1710665182002	5.70913197465443	9.69619001533277	2.11636660336935	106.284350998895	1.87271192368931	4.50240190201869	68.296224153981	52.7122282932366	2.70702478880171	6.44362901803517	4.2894140166955	5.38017049066825	4.87744451788869	2.56040155702513	2.05238690072449	2.68925973492525	4.78874737409933	2.74066837619448	1.11809996139835
ENSG00000235162.2	rest	ENSG00000235162	25.7215453964478	13.6071540927353	33.1328200274645	23.1609099527749	7.62660356828849	14.9585283059034	31.3402078584111	10.6372973661934	5.95481251452605	1.40040549106729	36.8442378088734	6.15579670383779	5.31045258406491	10.1452570211188	108.607342878158	2.21631248521972	6.28950399506748	71.8664284509742	56.3811400374114	10.5905521860389	7.74101199479132	6.5823512058361	5.55869579047711	4.6727119915314	1	1	2.45481689418842	5.0488314894523	2.98659094633161	1.17745287275052
ENSG00000235385.1	rest	ENSG00000235385	59.0876487050178	11.7936759928619	19.5435654495042	36.6595988445406	7.99025325975028	7.85619333073997	28.0197442206176	6.47334596550576	2.84783831636784	2.28936907766141	34.225353735117	5.60937564146102	9.8308845987349	2.43377336692967	106.411789275853	2.16801378794772	4.04124614343375	68.271687608288	52.6440233506763	2.60594426177588	6.42256554982754	4.26410401235558	5.39781268308752	4.84995707141358	2.56386530296499	2.07056636532592	2.69448420926838	4.77711801885597	2.74252991787869	1.1242660720117
ENSG00000235398.1	rest	ENSG00000235398	58.4969550545456	11.5992485097653	19.2428445361316	36.5109511392354	8.02120111536689	7.7878093677313	27.616868243911	6.84201504499473	3.20508220858827	2.21055378842923	34.3322578359502	5.74943332005686	9.82319534757036	2.46888712776071	106.284407416293	2.22359992236877	4.11026896550531	68.5930289449268	52.6989659408109	2.35603642079094	6.41018168184667	4.22123138858255	5.39358063871155	4.8815470288735	2.5697206488298	2.05278795298466	2.69392512752019	4.78364081643523	2.73869498350997	1.12299910377139
ENSG00000235576.1	rest	ENSG00000235576	58.2945685964281	6.45366546743907	18.6649168427184	35.8705774737685	8.89944768624297	8.66956999453683	27.1731983288024	6.64463621319075	3.5100968873418	2.17252458240173	34.3399413966639	5.71860209332684	9.81053275471058	2.48920683628922	106.345506909975	2.23513885910265	4.08337912946214	68.0764353795154	52.9548779532251	2.52343398001167	6.40107155122252	4.25449010040198	5.41083397390782	4.88185632810863	2.57254411741992	2.06370545419801	2.69489468900147	4.77630683791112	2.7416776515271	1.12394218905515
ENSG00000236094.1	rest	ENSG00000236094	59.1277894184464	11.9740756277595	19.174513372892	36.3589203853389	7.99120425258821	8.14031464099614	27.7951033185656	6.59382654180577	3.14238382975016	2.24627949583255	34.3149398817706	5.63554739966443	9.84610707230199	2.47042182718093	106.414953744289	2.26441844129662	3.96830774686442	68.3604305340149	52.5965625184416	2.59447993423475	6.41026489864425	4.26512158351611	5.39882229993463	4.86663189384352	2.57098568156165	2.07228778417305	2.69519981898795	4.77914838177292	2.73811408178051	1.11776890261859
ENSG00000236537.1	rest	ENSG00000236537	58.3036951137148	11.8949407069241	19.5085578882995	36.6227306842008	8.09845666303516	7.72588743135728	27.8549703067478	6.60579889724963	3.31955699592395	2.4627056942181	34.023314929838	5.9159330930197	10.027449846888	2.39515602466083	106.077526544194	2.0819130969246	4.11526569582194	68.189408474122	52.4903605858847	2.60393661256854	6.35232632521732	4.15489295662081	5.44994168189579	4.83310908912186	2.5459805413053	2.03796364291013	2.69529909390022	4.76327226226263	2.74203000708598	1.13813310867989
ENSG00000236609.2	rest	ENSG00000236609	58.5665931753232	11.8114461411456	19.4529064970939	36.58971415393	8.01970497197236	7.6574122530968	28.6496597718684	6.15261579064696	2.46780114875587	2.38471481311042	34.2110297101469	5.59914995284099	9.93794582559467	2.48171741899737	106.344752659862	1.96018931054491	4.07335211837365	68.0077072299351	52.5742042774867	2.4645100282658	6.38870115977422	4.22531424397422	5.42533350942607	4.88173890222189	2.59319494567666	2.06684509780795	2.68532878517695	4.77618120122316	2.74639830168061	1.13670470714537
ENSG00000236673.1	rest	ENSG00000236673	59.0127027110313	12.2653261243462	17.9810685265639	35.6667080385045	7.77284629001535	8.3238525347246	27.9293655986689	6.55432725716963	3.19562511410504	2.28798212279987	34.3015151315041	5.61463826610423	9.85885925698169	2.47022362561623	106.39092632376	2.26456690547128	3.95246643750546	68.3327556932185	52.5786276101081	2.57477975665525	6.40761693442711	4.25412313198209	5.39422168452271	4.87202179681531	2.56828046605663	2.06745515006028	2.6938237571301	4.77696630375948	2.73890124566447	1.12289153615924
ENSG00000237188.1	rest	ENSG00000237188	58.7341760159345	11.8716450084913	19.5936527708063	36.5991699432897	8.1520755225807	8.05587996624251	27.8083791688406	6.64765245125767	3.002752981381	2.31677905957695	34.3765966035768	5.78584309947197	9.75527777585677	2.34074382698547	106.36123005606	2.22008781542761	4.01958214262662	68.3433111919909	52.5976262080356	2.6218910312102	6.44333023543192	4.26276964530153	5.40743173746202	4.86993818523132	2.57194778051816	2.06371622135572	2.69166519361141	4.77837392722154	2.74031797299233	1.12450909830852
ENSG00000237372.1	rest	ENSG00000237372	59.1223416489454	11.3553063111882	19.4198025619781	36.5343758099563	8.13490365704537	8.11000694508838	27.6997424251683	6.60146164254263	3.15666959903647	2.22237435496696	34.2771891321616	5.66167928643025	9.81860545390234	2.43837660430146	106.402344975102	2.19774450853828	4.09297608725286	68.4010704778565	52.5383045988216	2.62596049754837	6.41127690570386	4.2761449192031	5.39484143722021	4.87885750154603	2.57350902831173	2.0662190026822	2.69270202800899	4.77819714896464	2.74047442314465	1.12276874213709
ENSG00000237643.1	rest	ENSG00000237643	56.7881234219649	11.1467357880621	18.1668294462479	42.2098147071214	1	10.4886969974839	27.1191646397717	3.93101369878885	5.07507189878472	3.25166134467496	37.5330086077168	5.61521551710752	10.5298918005416	2.29670252313499	104.317411360901	3.05748150513797	5.12036532375125	69.0268887462588	53.0467833801073	2.26182878952524	6.48409890966228	3.91887828882079	5.39030001316538	4.81543140015781	2.54991796322407	1.95232344027989	2.7147909521915	4.79322108925027	2.70422228325874	1.14021592299579
ENSG00000238227.1	rest	ENSG00000238227	56.9786844944845	12.2916246657536	19.1050135431329	36.2213387261631	8.11346600311041	7.46093903195621	27.3288038322587	6.31493694827924	3.15569861566845	2.48179254954264	34.1061063665503	5.38725031227057	10.217202434803	2.71155915520506	106.516654479756	2.22978324191073	4.11319962132706	68.6775100509711	52.9198462255644	2.56655553519372	6.3694605683005	4.28554573755576	5.38087421465759	4.9258878081113	2.53087960512791	2.05904500797124	2.70541892153703	4.78157258771713	2.73438696157243	1.13562080685679
ENSG00000241860.1	rest	ENSG00000241860	58.9223666282245	11.8874291688397	19.1792376691647	36.7377859374443	7.84465221320957	8.09262764370002	27.760105628352	6.44531326364379	3.20480188219785	2.3036501413846	34.2465475187691	5.85634007745774	9.70820247408674	2.36000127223114	106.308617025784	2.11338868680077	4.25748572706176	68.3165079581147	52.6401457355718	2.64523969464657	6.41216879007016	4.27361194918589	5.38719155886027	4.88768895095654	2.56139839437546	2.07021079621389	2.69100603610245	4.78429833312189	2.74545796557674	1.1193974331408
ENSG00000244342.1	rest	ENSG00000244342	59.1685747568016	11.9693738931558	19.1458781055757	36.3811940488502	7.9924589623178	8.12932298586727	27.7878606332341	6.58377347003839	3.13427250303979	2.21882354942304	34.3107156699875	5.6278741916426	9.84644579147841	2.4905139514524	106.417094700137	2.25911682159347	3.97433246604767	68.3578119195554	52.5921659950341	2.58584313307044	6.40847962251379	4.26433098780845	5.39738511682345	4.86653139077454	2.57064560331719	2.07089489119663	2.69318415262544	4.77583792347443	2.74051827328974	1.12313176055652
ENSG00000244879.1	rest	ENSG00000244879	58.6945798972816	11.796775544237	19.293798783313	36.9180853410329	8.11383940204549	8.21898823532128	27.6940897212918	6.61542916811537	3.00625474629268	2.31892142657818	34.2967563632079	5.7787816186658	9.79825200461361	2.39091497493627	106.324205453573	2.15213401560717	4.10002763711496	68.2855705025763	52.5685073882353	2.62231847242935	6.41399069640541	4.26580264815053	5.39336895703358	4.86718775936882	2.59144944710531	2.06536880478072	2.68345354631118	4.77452689733592	2.73600829654312	1.12212753379965
ENSG00000245532.2	true	ENSG00000245532	49.0305813654423	11.2975172562451	18.111353282369	40.1356669847531	8.86267486579663	7.86298173850993	26.4663706176451	6.51934442012301	1	2.31793944559473	31.1067532389443	3.91342669230922	6.509192912334	3.06491022486927	103.864707707502	1.18219519949347	1.75103992436362	67.3960881334719	51.8955518835662	3.44586095005047	6.07454175531625	4.26251408323574	4.95502059517356	3.27607669027009	1.64289113431724	2.25755627529166	3.09229021248917	4.45176792553647	2.8001789720049	1
ENSG00000245694.2	true	ENSG00000245694	58.7288642570052	11.8252554317716	19.4787563017253	36.8443299303903	7.9640086243744	8.15287072853714	27.6322492767546	6.69818892433694	2.98515283170224	2.10507889549745	34.2683672095445	5.72550207865145	9.97303965224963	2.4812958194033	106.235028982388	2.23146283531269	4.09802239034018	68.2924149356685	52.5784303222579	2.67737580040836	6.45255915332653	4.27626109682903	5.40251841534547	4.85999213524491	2.55768648432916	2.0653024593065	2.68894258678657	4.7765399475888	2.74151720120542	1.11857409084999
ENSG00000245910.2	true	ENSG00000245910	53.2186550242922	10.8495844042739	19.3974262518477	37.8142892910285	6.92514379383778	9.94218486927861	28.1047332870753	6.65812549911221	2.51953106464491	1.23975552144209	34.5012092415092	5.73103417111041	9.52717891085699	2.05366626751653	106.399388625801	2.18818142185648	3.91655906966425	68.1576235695142	52.4743392730542	2.4526191005508	6.49554886796933	4.30002653008839	5.39087715017991	4.90954912285801	2.486508997319	2.06714248564382	2.69284375852773	4.78660636271733	2.73635805904566	1.1293698881212
ENSG00000247516.2	rest	ENSG00000247516	58.5151427342767	11.9299575554447	19.444215811025	36.9545655818281	7.87687193060338	8.18909291540442	27.7848256205342	6.63489480374503	2.97517944825456	2.37844500370091	34.2680327421387	5.5058807569159	9.8853289637629	2.5082980747063	106.440562311433	2.03433436390429	4.02125917010206	68.2484597915939	52.570941487357	2.57645536675304	6.38661980300031	4.29708971820509	5.39310594116291	4.87911107177735	2.5876285529279	2.07186675052327	2.6949001355327	4.77661396729739	2.74329025775442	1.12513552941476
ENSG00000247556.1	true	ENSG00000247556	57.3090828570407	11.5108654245509	18.7974762670562	36.6962019177084	7.76993424282848	8.23320279600508	27.6248847227113	6.68129069718371	3.37734495208739	2.45233763226996	34.1588652338393	5.78908309192891	10.0142032648214	2.19404541629897	106.21508145684	1.8858971916311	4.19683178738722	68.3510980893224	52.5850461636084	2.63840865949198	6.41506989866235	4.27695446097995	5.38311574512081	4.87300965853171	2.59722363680727	2.09175474133304	2.66159770778458	4.76735281793955	2.72904498367698	1.12711611545528
ENSG00000247844.1	true	ENSG00000247844	55.0421279150509	13.4210441005799	15.7787437235595	43.9191059974538	14.1004463364778	11.5919282663147	27.9194031354418	8.58928798169621	3.73087730287604	6.38830061320027	29.6446621811443	1	9.90343452967529	3.25985600697837	109.047987290582	2.92881769059141	4.16418112958349	67.1495694815729	52.2800575906158	2.71804871155813	6.50442937812313	3.97561966949278	5.4053311927077	5.05137229063106	2.34081917755645	2.1588582076889	2.69071464847021	4.75135431365723	2.75540286414006	1.11426260604423
ENSG00000248103.1	rest	ENSG00000248103	59.0470120788081	11.8600373241921	19.2990230929684	36.6863276285119	7.81584063480979	8.01045015758699	27.9555654726509	6.43165237086598	3.02820920719269	2.3206941413269	34.2603239671264	5.69189094308296	9.81060235660841	2.40331597078114	106.350012484605	2.13411183944455	4.12800449176413	68.2934140738243	52.6580259042374	2.61301440993922	6.40340743819216	4.239989927412	5.3875266553526	4.77388167463766	2.52941857844917	2.06260900256821	2.69913332944288	4.78146594041583	2.74056455451747	1.12270481745526
ENSG00000248329.1	rest	ENSG00000248329	59.1061438841349	12.025694550549	18.7315223974626	36.1221510825191	7.92239716316026	8.2038491004279	27.8302784958199	6.5678794604341	3.15583036568638	2.23667720287175	34.3207950960185	5.6162504851852	9.86556105624785	2.51845276999817	106.419286662948	2.29815699222274	3.91645260814583	68.3528227375658	52.5767974590331	2.5698867240347	6.4048294249143	4.25822099803983	5.39800263895205	4.86788100885926	2.57091776780871	2.07124117427945	2.69381199001426	4.77503277672624	2.73989262258001	1.12350157777427
ENSG00000248596.1	rest	ENSG00000248596	59.1665330918644	11.8554047239656	19.5186898008237	36.7412951395696	7.93992210158152	8.09978502465796	27.7309170954184	6.55317324632488	3.16637117096812	2.22835977718556	34.3421636886984	5.66161184208279	9.83167990814858	2.43734237245881	106.368838314133	2.2062421384346	4.08888853336904	68.3643597840718	52.6260923041068	2.60288342730211	6.41628800336768	4.26773997869692	5.39591015194065	4.86660753152433	2.56944210499157	2.06711700589802	2.6924187236085	4.77804660763091	2.74031559417015	1.1222016439655
ENSG00000248810.1	rest	ENSG00000248810	59.1057397944891	11.8570117090405	19.509825809032	36.7967427076694	7.83179214508158	8.14005079272928	27.7194554780668	6.4826972401699	3.23049285382934	2.24933753570163	34.2989942666896	5.78116544185489	9.80758910354047	2.49760550465394	106.397124871469	2.1662056055568	4.08779401032189	68.3505959680557	52.6473644200933	2.62563428906958	6.4252048337652	4.27020809269875	5.39697052316582	4.87880455313768	2.57188053048647	2.06446574276288	2.69262598428658	4.77595613717075	2.74166564969698	1.12102766998128
ENSG00000249069.2	rest	ENSG00000249069	59.112787811813	11.6560461963034	19.4744110981783	36.7859923512341	7.87034393201149	8.14997480526788	27.7049447860402	6.51620377696447	3.20025578759518	2.24534953143889	34.3753271002124	5.67111403254295	9.8340913578069	2.43892162721692	106.349057615585	2.21732532611049	4.10656181799792	68.3939698593264	52.6021467672774	2.60579397512582	6.41627871819655	4.26342622440228	5.39552059568636	4.87132774800786	2.57204813361178	2.06578784780687	2.69305744490125	4.77904267956656	2.742314660765	1.12287010499187
ENSG00000249152.1	rest	ENSG00000249152	59.1644618657049	11.9761113821562	19.1244889838275	36.3886394077386	7.99227873028658	8.12235928377651	27.7985537067833	6.62844405720938	3.16020430186914	2.26669812133188	34.2103162094362	5.68984515104016	9.73418455756949	2.22166607177564	106.324959828665	1.97514857991335	4.36552864632297	68.3173757182941	52.6829811961925	2.67637082044719	6.43427862377964	4.28464382764921	5.38535937148941	4.87351327584758	2.56363292371266	2.05808777755245	2.69016008003951	4.78503980338504	2.74095797910336	1.11950488941841
ENSG00000249430.1	rest	ENSG00000249430	59.0177183367505	12.1407913106734	18.5088465305059	35.9729496946746	7.86624056815544	8.23862612815041	27.9090113565778	6.57005066003789	3.14684024419239	2.26229514293168	34.2580179321982	5.64857650245358	9.7853428502266	2.39823747791047	106.35994165519	2.11626678329766	4.1710890704864	68.3145762409119	52.6344714388045	2.65137933117662	6.42154770504622	4.27520284549745	5.39119544893376	4.87017358617166	2.56375769540118	2.0596598508094	2.69270818775229	4.77948539112046	2.74152024777763	1.12124495263357
ENSG00000249790.2	rest	ENSG00000249790	57.8359731955474	14.2414885215344	10.2695971862447	30.8430115053796	6.32002046614167	9.49883396029354	28.6880367263871	6.04924660317914	3.53165854459653	2.45883935139759	34.8307299312504	5.13837775154775	10.5503131443198	3.76860920597813	106.787376878775	3.82079269511918	1.66344859793839	68.3479589651543	51.9741335500368	2.02474207512311	6.26855513708989	4.07779736100446	5.44162706023758	4.859823234472	2.59390107780233	2.11496790816609	2.71517718171346	4.73602069595733	2.72863646103868	1.14226310477768
ENSG00000249859.2	true	ENSG00000249859	58.4729284136157	11.7973575537147	19.174347210705	36.8121343399748	8.10916368694945	8.13253844700936	27.5121307937481	6.45811537097041	3.08526869058037	2.26367852374733	34.2099782615502	5.80175445216461	9.73579112068739	2.31840551490399	106.245206441717	2.24074716180599	4.18378358420459	68.3909513997034	52.6086776723848	2.64698403320231	6.24032447952705	4.39997873986598	5.38683830266687	4.87749736276952	2.54660146003145	2.07301242944754	2.69104241127775	4.76873623312908	2.73836265493007	1.11811102123904
ENSG00000250271.1	rest	ENSG00000250271	58.9342500894844	11.8988003417965	19.5546439234028	36.7228562386284	8.04030143509931	8.25015953605991	27.8337843863746	6.5960033152078	3.02704278484677	1.45493466703238	33.9539181152453	5.72651358206741	9.94184338529571	2.04104473135832	106.381478449537	2.34572260660446	3.95532840428719	68.4212128786717	52.5837987549771	2.59758880029749	6.42523907576702	4.21726365350993	5.39754702750199	4.87069948442694	2.54529327478139	2.06742177913255	2.69741132887927	4.77521877051159	2.7427396098272	1.11994496263918
ENSG00000250337.1	rest	ENSG00000250337	58.83832119952	11.6232120057538	19.1539788454488	36.8090441485427	8.43556391660921	8.26832500672701	27.8979161135076	6.53786337798286	3.26837530797895	2.1236148805288	34.1664294209974	5.60558087402249	9.86333613489331	2.26823953848643	106.431857971573	2.1483204522922	4.10634532387749	68.3312077829254	52.5908388851108	2.61940927968922	6.393264894315	4.21090230307718	5.37757790095588	4.88816403189874	2.59826923877024	2.03823929224719	2.68992341055874	4.78035337361982	2.74183573829641	1.12466803763557
ENSG00000250666.1	rest	ENSG00000250666	59.1413994757788	11.8436533040947	19.5040559925615	36.8198855633848	7.8324894732534	8.13999293910112	27.7178620237897	6.51315403567979	3.18680928877833	2.24135021300917	34.394308438596	5.65332008028776	9.83974522066634	2.43364439207477	106.340038584246	2.21942029058755	4.10406318255607	68.3778839097125	52.6328730267173	2.59871354722751	6.41768916305946	4.26160485869248	5.39600799085758	4.86502871881892	2.56981665897489	2.0653304536196	2.69293417717365	4.77810749389363	2.73996081066913	1.12293691058528
ENSG00000250742.1	rest	ENSG00000250742	57.8984700039187	11.7445543078903	19.7087397869257	36.5273720783026	7.72944791183811	6.84677476673787	28.6439486645036	6.55296109001914	2.41824037976484	2.49173899148167	34.0629351818696	5.47085092093018	10.1031755338644	2.64427967079472	106.299183512034	2.03706969180889	3.99528180393186	68.3375887098317	52.9626822926805	2.60704011437864	6.51266761686234	4.34802131439308	5.40595819605387	4.96612356468389	2.59517651674409	2.08406272701274	2.68681675383338	4.77854031057689	2.73722726682057	1.11966770007717
ENSG00000251002.2	rest	ENSG00000251002	59.0969381706615	11.1476070548995	19.4312691947659	36.534784532442	8.1751238351356	8.13120693767424	27.6717220041694	6.6047992440183	3.1686905216248	2.21043464501604	34.2878396471633	5.66068884878906	9.81379924611332	2.44219518826459	106.401688156101	2.19881309048941	4.08417081737847	68.3622080296434	52.5997137497042	2.61256036487242	6.41143461218591	4.27314305843688	5.39648415128459	4.87406100196791	2.57218885080448	2.06703996099172	2.6928415193665	4.77783098346193	2.74079978577443	1.12286230312542
ENSG00000251129.1	rest	ENSG00000251129	58.8113839566909	11.8083522960492	19.3693693995202	37.314042002565	7.27621363674222	8.37364834031092	27.6984770990408	6.26872048363194	3.38955134522607	2.02537654556793	34.256405462384	6.08228163844434	9.87034679436262	2.3490598179615	106.281737717783	2.29586638733543	4.03845386999558	68.3928632512166	52.6742647397086	2.58196080805797	6.40673616824251	4.22146017930971	5.38203049508564	4.89290629901291	2.625046592824	2.02702981674569	2.68797836774007	4.78392892642374	2.73829542918783	1.12303993647933
ENSG00000251138.1	rest	ENSG00000251138	59.1039122175147	11.8368140622978	19.480868223528	36.8963350741775	7.74224724833969	8.16409683716038	27.7150335596297	6.46869037744034	3.24627389901882	2.25009574219541	34.3486138091845	5.76507285347831	9.8336049986443	2.45654703050309	106.357488314256	2.20555656059988	4.07839353729745	68.3674054978928	52.6421135333971	2.59533983939146	6.4220542334714	4.25708258283582	5.39542952681616	4.8774866448394	2.57262440659229	2.06466339783362	2.69128886239655	4.77842373851124	2.7401991346286	1.12231362733686
ENSG00000251273.1	rest	ENSG00000251273	58.1800200141812	12.1146201961306	19.5320079697069	36.2700498171893	8.19294731714787	7.86503728961529	27.3867358131235	6.47408061795943	3.24244728113389	2.72620651735008	34.1839736068281	5.80693382022146	10.7504697824365	2.36363630142818	105.988579439778	2.3599288500524	4.02090300801408	68.312201302793	52.574139409811	2.52483456235415	6.46571109683404	4.18643409070921	5.41512683819449	4.85100583816316	2.56829846549863	2.05158949954971	2.69424833895462	4.78063101759993	2.74460430370199	1.11357003709658
ENSG00000251381.2	rest	ENSG00000251381	58.9419668212887	11.8723057939426	19.4015824497387	36.9866961111402	7.87543638854673	7.95181861807624	27.7004375194229	6.60221981944337	3.39755591394939	2.25590932367331	34.297460437747	5.6193848526655	9.77322042048174	2.4963011378602	106.423066550027	2.2717884866433	4.12265580630583	68.3014553500584	52.6227504654429	2.59441908790769	6.43113268090496	4.23876093144259	5.39107365364245	4.87757222160266	2.56562538690128	2.07982051903548	2.68973285238086	4.7853928053851	2.77079130922735	1.12247034584125
ENSG00000251434.1	rest	ENSG00000251434	59.1617463176634	11.8493550050675	19.5155162493347	36.7736740186178	7.89168750198934	8.1209513407682	27.7242138952373	6.53737999708572	3.16836403298081	2.23174927597438	34.3722964745504	5.64608882487271	9.8339960338639	2.43297697912931	106.352423049991	2.21417669360881	4.09728894790137	68.3742372526498	52.6283107768922	2.60157240285425	6.41673800507757	4.26430902601762	5.3956276426896	4.86490790156672	2.56951702318415	2.06627722734525	2.69281383241264	4.77801232191597	2.74023966498051	1.1228375403265
ENSG00000251562.3	true	ENSG00000251562	32.7061056483473	12.1182786807957	19.7696634051634	39.7038982201704	9.27569055882658	11.3330014641531	29.8596628986462	1	2.77073234560845	5.32301572880863	24.0357452444643	11.1626483870102	1	8.10842614668664	102.626436467646	1.12858872122526	5.26781763150712	65.884456322603	49.7233861051941	2.50826123146837	1	1	12.218098737824	1	3.35119273023035	1.09259613276951	4.13114674362963	1	3.6062554280805	1.65661348062835
ENSG00000253394.1	rest	ENSG00000253394	59.1418946775916	11.8446737218208	19.5005282295123	36.8302996676281	7.82036884424295	8.12702367657166	27.7202750424052	6.49505094843883	3.23554641149712	2.25902203014908	34.3033645215273	5.7873065429012	9.81868350450803	2.47602244854421	106.391978801263	2.18636863317563	4.06164290184325	68.3532990007484	52.6412084983354	2.59883034652719	6.42259930494857	4.26352858347055	5.39537347776732	4.88062706702317	2.57300405113653	2.06695715982947	2.69063226412202	4.77816156683507	2.74074981288307	1.12189507101133
ENSG00000253522.1	rest	ENSG00000253522	58.3470241114512	7.18313972359057	18.7412683491547	36.0153939763862	8.91195375962604	8.54165002071624	27.2974494337461	6.51268418483767	3.49981733335164	2.1875191762933	34.4279387340045	5.75617203070979	9.84028449573183	2.42674883200988	106.388369583114	2.11648451758997	4.06141217137196	68.2650965707829	52.6538724429266	2.58232567948288	6.39217057137044	4.28437763778745	5.40739215475306	4.89752507983408	2.58464918957499	2.06034997805147	2.69682425259133	4.77850087513606	2.73995814173296	1.12444731742573
ENSG00000253659.1	rest	ENSG00000253659	59.1007388742134	11.8004505394881	19.5426081895931	36.6678205991035	7.98619346157697	7.85229668096325	28.0418544034169	6.46916633707131	2.82826843276701	2.28324051910005	34.2243749997579	5.60233615468831	9.834265730557	2.44326516215036	106.409911171761	2.16359268280229	4.04463747714134	68.2573761321291	52.6491959275295	2.60097418550766	6.434436800092	4.27692564678502	5.40155164117782	4.89338716453255	2.58072813803019	2.07263929155021	2.69150640364024	4.77535543868985	2.74262379202125	1.12434661534715
ENSG00000254166.1	rest	ENSG00000254166	58.464350447934	12.0892544624553	18.849849455186	37.9135065280895	9.55578325333025	8.52193697515817	28.1422148136092	6.49595909261218	3.73599801683498	2.92656568291284	33.5321329448412	4.91648966014981	9.84902716265764	2.55895434392456	106.744276331432	2.7738775781176	4.39836233325317	68.2003953151713	52.6200253810494	2.4548241642637	6.64776635702709	4.28123529602102	5.46032082774395	4.84176095537437	2.5198117840542	2.05385694859302	2.69539403709104	4.77678872389487	2.73969140722378	1.12219578357769
ENSG00000254277.1	rest	ENSG00000254277	58.8648695413943	12.5461781087003	16.8718929712392	34.9770789978791	7.56071477250692	8.51322291282629	28.0612114280628	6.50905752478881	3.24310016685192	2.3349694004092	34.3334367751627	5.5778568764811	9.91517305034518	2.55761359060943	106.402421483726	2.38212287641128	3.7744879068957	68.3251572309085	52.5290650304005	2.52818722970219	6.39660891826012	4.23732506517158	5.39621997480979	4.87392681005536	2.56901392286231	2.06916384055268	2.69568281890678	4.7743774682706	2.73722391323526	1.12396481850459
ENSG00000254337.1	rest	ENSG00000254337	58.868829100717	11.8292676848001	19.5209268157856	36.6977554316881	8.06594014646144	7.79657990274543	28.0681750281988	6.45572454878909	2.50549451161353	2.29255112703239	34.3123450702256	5.8061518064237	9.73594067463057	2.58704723408852	106.284606928091	2.27217059768735	4.13528451687487	68.1908492557927	52.6596674178758	2.69314280226685	6.46574528170135	4.3016247660269	5.41204448685394	4.90573665489857	2.57595383499342	2.06817711345933	2.68567509931623	4.77388353108129	2.74223844570417	1.12366001380458
ENSG00000254339.1	rest	ENSG00000254339	58.6739098310702	12.9022842948303	15.4714591145461	34.1431324770714	7.30022391910182	8.73152916953654	28.2425512620784	6.53050931910988	3.34651959276491	2.47602324294306	34.1983759957113	5.63950312996687	9.79020865230792	2.19989163926109	106.257341120825	2.03616456427116	4.23299476328285	68.2461186330724	52.6237058520225	2.62796995737999	6.42761638255215	4.25108011416725	5.37767769219139	4.88844071333827	2.55751356869529	2.04910897215824	2.69272749107062	4.78712358929434	2.73584526111214	1.11911923314178
ENSG00000254934.1	rest	ENSG00000254934	58.4328029124249	13.3613397726276	13.6580608601851	33.0146008947515	6.95478677549301	9.0433193471575	28.4563751156937	6.44841679201258	3.42082459334116	2.54643019965066	34.2627547827217	5.5703900063782	9.89758473601303	2.37942535015687	106.288721368898	2.26620354940298	3.89166472425402	68.2382560446162	52.5313600418559	2.53954609385464	6.40621710529815	4.22019255013451	5.38241300910799	4.8908377603675	2.55965462167007	2.05358101013666	2.69615433442793	4.78169191250232	2.73302201009743	1.12147306019695
ENSG00000255135.1	rest	ENSG00000255135	57.9510347912074	11.8234944049806	18.7145970020281	36.4961370543154	7.87936740405351	8.31794793718104	27.7354983362007	6.55614083066614	2.93955106036789	2.44180912007755	34.4128678024183	5.8895087212687	10.027389205153	2.49239944478365	106.240651753909	2.37688317402682	3.81741662486069	68.4588618171173	52.5743231923614	2.54028960035684	6.44345302456785	4.237985185301	5.40248130840506	4.89182670953231	2.58419992600676	2.05072241831632	2.70104115311612	4.77941109056805	2.73464274813275	1.12072449807216
ENSG00000255248.1	rest	ENSG00000255248	55.740256880463	12.4332278551245	21.6587755448293	34.7907929485567	7.86566430674148	9.20617843952131	28.381176882245	7.07609670302392	3.39831644532052	3.48027818537238	34.6729805591265	5.89917941645056	9.30058288248191	2.35763078229711	106.595151901279	2.40603500685731	4.03328441278667	68.3849282183011	52.6245741568002	2.48608937415592	6.39495336336403	4.29016976314591	5.36258508398969	4.89444314026555	2.58013992811424	2.04032400259877	2.69798642565617	4.77557406646291	2.75588627100202	1.12880036802932
ENSG00000255717.1	true	ENSG00000255717	51.2026554870275	12.00375211681	13.1035801710988	40.5595742910891	6.18199925306807	11.6835940806883	25.3310133593777	7.39437788936034	2.23751117332981	3.75522238879035	33.8379230138543	3.83302912248606	10.4952895206104	3.00122526159214	107.453415327861	1	2.11407891930119	68.118136321808	51.826137950376	2.81162371956153	5.84954735760496	4.20613480595496	5.33009354758236	4.86575168217911	2.72238229559626	2.08506444476833	2.72548343644152	4.76000575111826	2.72498558814105	1.1138144448707
ENSG00000255794.1	true	ENSG00000255794	59.1885602648785	11.9297148316416	19.3059407552934	36.4979200983695	8.02665174891711	8.093169174629	27.7755217429679	6.62776661764878	3.14814744295152	2.25106384532962	34.2228559995824	5.68498716364598	9.74526320843758	2.255367311731	106.33932657915	2.00695879155109	4.32495235421377	68.3265280073329	52.6735524279681	2.66814499969524	6.43131123842137	4.28330712759264	5.38701442961123	4.87236923248856	2.56470341670492	2.06006697852838	2.69035218286075	4.78381008024312	2.74115159674177	1.1199734270701
ENSG00000256162.1	rest	ENSG00000256162	59.0402426175534	11.9580279246242	19.3978564817798	36.8901544892236	8.60900208954772	8.06705246497216	28.0327504974417	6.36525731610763	3.41464850370355	2.20802786949142	34.5759036240261	5.70363786629941	9.91373693795068	2.3486599325557	106.411161061752	2.03523800027226	3.99711692020216	68.3519178104593	52.5566293604534	2.55439900760802	6.43366752071075	4.30102547851637	5.40761671019854	4.86054226273603	2.56794955305906	2.06826856424813	2.6949911499904	4.77853368044675	2.74110309373795	1.12161438343645
