gene_id	withinSubset	lncRnaName	Comp.1	Comp.2	Comp.3	Comp.4	Comp.5	Comp.6	Comp.7	Comp.8	Comp.9	Comp.10	Comp.11	Comp.12	Comp.13	Comp.14	Comp.15	Comp.16	Comp.17	Comp.18	Comp.19	Comp.20	Comp.21	Comp.22	Comp.23	Comp.24	Comp.25	Comp.26	Comp.27	Comp.28	Comp.29	Comp.30
ENSG00000100181.14	true	ENSG00000100181	20.3715414659352	3.44182191804117	3.05916480940801	7.86234278877664	2.75345115086252	3.20803910839134	4.77680741497574	1.50746209815998	1.33116101794327	7.26712305076926	14.1167677583582	12.058899350644	6.74827442453028	2.3852038982763	1.91782027259493	3.53274302450179	8.31944699378116	3.48722740472826	1.38670504610975	2.71109629621027	1.66359377534917	1.28888363612309	1.05895110382504	2.87020070024159	1.43579074286497	2.43112302591091	4.35458529831503	1.06967253297236	1.66819348172557	1.06540497513203
ENSG00000185044.8	rest	ENSG00000185044	20.4076463898934	3.53920980022391	2.84050725205197	8.3101453723236	2.70783163319807	3.12141021475487	4.88727833930039	1.39133642856488	1.48463199999497	7.44163095355222	13.7070675966947	11.5390767394704	6.51867738549228	2.72769901883589	1	3.38035079386569	6.68308492871353	3.14188127526275	1	2.67056230026778	1.55337526375879	1.41635946931099	1.04421463199964	2.80394994345502	1.54977497341617	2.47413969474382	4.3686749618336	1.06482964682684	1.66758643767759	1.05221020135781
ENSG00000185433.4	rest	ENSG00000185433	20.3708902054564	4.81178928270938	2.48863886535858	8.72993456211973	2.56588578581379	3.04900136647151	4.88222205136666	1.39496043810801	1.40162454317006	7.21065951540836	14.1116907681868	12.0601381046969	6.74077714836387	2.35342406618528	1.83172258213363	3.40000095690307	8.24183608807656	3.53175508626747	1.35634382288917	2.70367034133304	1.65745136285186	1.28262792759454	1.06909938979514	2.88808369003513	1.44461569028642	2.42749356061006	4.36179457825782	1.07567504214377	1.66810381289301	1.06682430373868
ENSG00000186594.5	rest	ENSG00000186594	17.8650443751094	3.71382252727545	2.59023815662262	8.58777051417723	2.66680756158879	3.86604023842978	5.47928739298005	1.17985422635819	1.74599885789532	6.55922859896078	14.5861168778648	11.7206007324815	6.94147704234411	2.58819777767876	1.80888031174407	2.97428885655046	8.2790605957376	3.57478602006603	1.42109058831469	2.61231702816386	1.637965277706	1.24181877282453	1.06426494234734	2.86490876081601	1.42692831243708	2.37800814243318	4.35826574423012	1.07617158962278	1.65492207100515	1.05981026304214
ENSG00000187156.4	rest	ENSG00000187156	20.3405397904909	3.65200314746625	2.65045785527671	8.61852322764322	2.43784663222015	2.90901654819239	4.79065250733708	1.38338644980275	1.42606577593227	7.24291387231671	14.1246240361445	12.0558266711541	6.73655960926927	2.40384897501653	1.86024456529548	3.4114964101461	8.25358040813019	3.57107233566851	1.33269928695567	2.70915208713025	1.68490751790653	1.26774869776579	1.06433599041431	2.89207453819982	1.44943234339463	2.42784991747803	4.36264746907508	1.07621038415595	1.66939956587147	1.06724708327931
ENSG00000189229.10	rest	ENSG00000189229	20.4239109561747	3.67703990461847	2.53441930219303	8.62450071163938	2.61320873223591	3.12251801521351	4.88975376832632	1.35564851578	1.42655953670193	7.21900948230281	13.9683597730671	12.0190530486077	6.76651505514525	2.44019267131755	1.65588663182384	3.41377543515518	7.95070898838588	3.44358490151526	1.28624412584313	2.70095714162527	1.64818664400975	1.25652901438618	1.04160970190143	2.88258542996136	1.44536556178944	2.43028289184117	4.36360249843143	1.0725208068527	1.66614591782975	1.06729739029001
ENSG00000203279.2	rest	ENSG00000203279	20.2887928507384	3.75637180100676	2.35752549445468	8.95614537684092	2.46754068996758	3.29345000402117	4.70072034218708	1.56247775272524	1.421384634323	7.19945072847238	14.1694568592579	12.1437056001577	6.80325015593945	2.349087305406	2.02928969849157	3.49912155641603	8.13345009786885	3.53862410958785	1.28757234083054	2.70632091729853	1.62016485533502	1.30238645401111	1.07575741633157	2.89695977823239	1.45136089883872	2.42604709090192	4.36050554409701	1.07526184751411	1.66995800373807	1.06683884067645
ENSG00000204054.5	rest	ENSG00000204054	19.4009746792404	3.55860699149449	2.29564323444187	8.64763851087049	2.96058057456185	2.84814342943827	4.84690611322336	1.56451239252366	1.96999425482931	7.10150493419773	13.9067490815175	12.1022352190385	6.75876504466949	2.46537030316594	1.91567654273075	3.36663070209888	8.23500918561862	3.43805739648124	1.52490852849429	2.75664144052741	1.65821825559155	1.31717182795201	1.05702657158751	2.90109194810424	1.44910187643406	2.41764945950635	4.36457237093479	1.07339513562282	1.66520432370586	1.06710390584467
ENSG00000205662.2	rest	ENSG00000205662	19.4433756200409	3.91775143640283	3.13748887123179	8.34446089894523	2.45833558931512	2.83342183088256	4.547181196553	1.95239324113978	1.13656499002992	7.07771941584507	13.9947794937228	12.1352162436893	6.96831476024335	2.43392726485392	1.78945143639215	3.60685249123955	8.18791517377418	3.79031694926699	1.3738255618396	2.72232093968408	1.71191572453358	1.23776026237294	1.06502817553224	2.8840004002771	1.4527209057609	2.4238298612706	4.36174874941088	1.07523164341838	1.66635989069129	1.06781602689069
ENSG00000214049.3	true	ENSG00000214049	20.4448161740455	2.96095128985563	3.71503489776739	7.04964015672303	3.89998375362047	3.36283507885289	4.55892983021712	1.51286716064538	2.96358468096666	7.27974320865052	12.765382365734	12.8199923070925	7.64816799796284	2.40390905398521	2.11506142516219	3.97816936464655	8.48522362580843	3.59143204818946	1.07214994176117	2.74856728252325	1.56523697183752	1.2863728837853	1.10707531968782	2.77819403972772	1.48353680646817	2.46047057766783	4.34171854173125	1.08628984248072	1.68485410903917	1.07375367783916
ENSG00000214548.7	true	ENSG00000214548	17.7750292016914	3.70454970966537	1.13856300467427	7.74483631674219	2.49437044245823	3.42399711443696	5.31824611531021	1.62406415744406	2.21252388291612	5.85840419426364	14.2190075996727	11.385849158064	6.29102308478459	2.53943552475528	2.5384033142916	2.14541762616758	8.20269442841828	2.60681702933385	1.40365138110193	2.59278984305447	2.29368466302507	1.26868819547515	1.03447041562221	2.89749861456928	1.35352269443908	2.324224258531	4.3904507476007	1.08310825284707	1.63414983264283	1.0567988446169
ENSG00000222041.5	rest	ENSG00000222041	15.7875594587396	3.16406205842844	2.811903327505	6.37120381657973	3.76945880898293	3.96975580810464	5.30521749908019	2.45297660529004	2.46526250130917	5.28147712803537	13.424763571085	11.5887356698255	5.71240548948137	2.54561550459562	3.5894956831986	1	8.26415089836049	2.15131051043115	1.76913100026953	2.45670638555103	1.57878987701611	1.43619896021699	1.07795689450403	2.63863915030419	1.10606081489955	2.15299955663447	4.39775765050168	1	1.69334369627785	1.05931748969458
ENSG00000223477.1	rest	ENSG00000223477	20.2485086386119	3.76033138210728	2.38923262647389	8.92187328386601	2.40693075072393	3.07330399364913	5.34403228838577	1.66387178840969	1.40762465935729	7.2572506910988	14.0643013457172	12.1059279774898	6.81115134560524	2.39301491953419	1.85671136978493	3.47750303807724	8.27085838839542	3.50900696646037	1.35519945250339	2.71274217073584	1.66579054125303	1.28290740098596	1.13649070113526	2.88896144316143	1.43799694319881	2.43203123454653	4.35644655395155	1.07022097423706	1.66720133915265	1.06773715699901
ENSG00000223573.1	true	ENSG00000223573	20.1785192838793	3.78353514311267	2.40325847223547	8.87676719892436	2.4238777573532	3.13258095317359	4.98438871333686	1.33115507325848	1.27566492934504	7.00834214861793	14.0074011674699	12.2796663847399	6.52984536810026	2.30776406024891	1.74347455712304	3.71679596852491	8.25097081338261	3.55274310736035	1.391739581147	2.71543810420351	1.61167744177132	1.30640141438718	1.07275431991693	2.89714389176729	1.47649869402292	2.43195537575537	4.3597277475572	1.07628312239498	1.6687337851953	1.06456003995388
ENSG00000223768.1	rest	ENSG00000223768	19.3633555690671	3.68964149121059	2.40671173388502	8.76587437200596	2.52988405164877	2.98216980511561	4.786186766611	1.47859924964715	1.86780059852854	6.92905947776807	14.2166666812395	12.0746628449335	6.47807505265899	2.42086899125747	1.91995637438881	3.38495717429733	8.23301111059224	3.59506119901341	1.22087159677629	2.70247958389243	1.71514212159971	1.25043270776637	1.06800054523774	2.89405148323713	1.43182031355413	2.42395373332116	4.36015444736983	1.07401564263353	1.66906898898924	1.06353468196624
ENSG00000223808.1	rest	ENSG00000223808	20.3518498192099	3.7849551698001	2.34414743208501	8.886533618726	2.40462910342762	3.10124211255893	4.97125680560338	1.27605442523681	1.37918789226792	7.03007995923901	14.1082023890801	12.1873342685785	6.50441254573119	2.33816360062778	1.75943146269861	3.59625048575324	8.25619954939265	3.59687570518223	1.37707388055009	2.70827808228647	1.63405576958077	1.27701046064691	1.06445302438568	2.86311562974786	1.40680118431928	2.43435741808487	4.36214645195094	1.07780418038193	1.66660077618282	1.06673642529251
ENSG00000223812.1	rest	ENSG00000223812	20.4075207355267	3.70238421427888	2.52190155939276	8.65499056228765	2.47402542008539	3.05295065989176	4.8842011389805	1.35133515748755	1.35987430330095	7.17645350981456	14.1329272157173	12.089912556757	6.75824714802882	2.39119279913766	1.86867996214942	3.41604955038842	8.29246690966546	3.55203380000347	1.34696038676773	2.70414892097599	1.66684344594855	1.28012264812408	1.06890770901031	2.88807362951718	1.44411337865784	2.42570011997355	4.36296341983795	1.07680839435759	1.66812909984599	1.0669151357064
ENSG00000224032.2	true	ENSG00000224032	19.0976204241249	3.78835386885752	2.37888065357216	8.65692645142552	2.7098113813711	3.74518104784588	4.46509968605252	2.56492946614722	2.17924885052528	7.08179054874495	14.1214399002259	12.2465581131773	6.27837823189469	2.23593992708766	2.97495395324363	3.08945533118652	7.6685513618801	3.2680021935945	1.67541847342161	2.74324764251009	1.48668053555613	1.32746783141387	1.0808661237306	2.7276562441622	1.3291027022762	2.35037976300669	4.36449823011096	1.0418491489431	1.68132139015432	1.06605615845079
ENSG00000224137.1	rest	ENSG00000224137	20.3578623522824	5.31268472172264	2.56247372368799	8.65701034264754	2.64452854357744	3.03161451459141	4.84362382112211	1.44858899913954	1.45577556289108	7.2507645961587	14.1171690715198	12.0442431479541	6.73102997583069	2.25611761456117	1.80622743942167	3.37833283850375	8.23273634768903	3.53090329706748	1.36998701822091	2.70369877257184	1.66111024691043	1.28250352610678	1.06755383161315	2.88891659532517	1.44417765124031	2.42808245223623	4.36114323098021	1.07537089201225	1.66854324762516	1.06668356942181
ENSG00000224818.1	rest	ENSG00000224818	18.2634518637251	3.7984531312939	2.68520654009967	8.80717772289909	2.59750790904617	3.68190514216978	5.21621732174801	1.17447365068101	1.16943255826574	7.16707742419134	14.0324418741604	12.0534038441516	6.57613122205586	2.39928603181358	1.93170001619915	3.31985626794948	8.30102517499322	3.49980939787007	1.33108827558381	2.6507734445888	1.68310196220908	1.25323822626366	1.07934964200667	2.87620112919039	1.46784364200004	2.42393239232437	4.36141105277158	1.07354819446412	1.66901916989565	1.06727259077135
ENSG00000224930.2	rest	ENSG00000224930	20.0527393342256	3.72913623417071	2.3008034745542	8.97909210382342	2.80362812494301	3.27299029552488	4.99411713059152	1.03035881227013	1.76812052941933	7.37933965275604	13.6553443742311	12.3282603888947	7.09911322822883	2.37874353125794	1.82509705562533	3.52185804153009	8.28362713336593	3.60724019222458	1.30562893460792	2.69620564244864	1.65949609341352	1.26434395521193	1.05238184886957	2.89165513713923	1.43382847902097	2.43243610083979	4.36357747000609	1.07501259060687	1.67097445362514	1.06518651979622
ENSG00000224959.1	rest	ENSG00000224959	20.093797241959	3.65159321716095	1.51944282501527	8.46813642369283	2.79914626678954	2.81948739128564	4.75144076530978	1.43643982600773	1.36183568406684	6.94617374694171	13.216644436943	10.6394355885593	6.93179713807898	1.93949389615712	2.1096901716067	3.95470964325661	8.10819639352253	3.55363416775255	1.78086647889275	2.07886895651886	1.83146463077545	1.2035880440574	1.29862215953964	2.80130711057597	1.48393476933746	2.43358879004866	4.2946008012147	1.16218199234597	1.69574998533812	1.10419854580526
ENSG00000225135.1	rest	ENSG00000225135	20.1739141105966	3.65786176414285	2.70653646745608	8.41913186057551	2.60723442935902	3.13765534300821	4.88741563505407	1.41293050534012	1.51424811169664	7.07686894468806	14.1854275103162	12.0254756401748	6.72884993143	2.41324650077945	1.86388788530007	3.42563363237506	8.27247020842037	3.52118944267402	1.3229027918664	2.70286727493101	1.70248681961276	1.27708006293343	1.0630781997443	2.88677210833844	1.44131712035259	2.42116963809682	4.36047953414894	1.07755115988731	1.66903381190082	1.06725022855462
ENSG00000225210.1	rest	ENSG00000225210	19.5088966225752	3.25478169775204	2.73239315470319	9.550564333251	4.35031769839403	2.1647390798165	4.59365403679457	2.00973364486745	2.17371871661798	7.52319221766506	13.6976562388957	12.1221405107481	6.48059742319707	2.40235427303116	1.62682355810253	4.03743747106931	8.07180493320569	3.75566766734818	1.92694338161922	2.82218329090535	2.01022319177339	1.35211080840553	1.23815570796484	3.03722650993083	1.79489831205143	2.43893081400042	4.39452044200999	1.10060475610113	1.70993905014313	1.05176256973942
ENSG00000225746.2	rest	ENSG00000225746	20.2557620611209	3.77713193533699	2.15715512498183	8.76200351570855	2.39123729841349	3.06104767239004	4.95982810809154	1.28618875641448	1.32979703792369	6.9248314184903	13.891195957556	11.5219509542151	6.81770686751694	2.18902072661395	2.03601423085257	3.53721204814241	8.29147601762021	3.54557108691908	1.32801424807178	2.87899731017159	1.63912144814673	1.25427654787625	1.06748056644994	2.87956809652716	1.44786974551854	2.43054427955743	4.36384537169386	1.07464953577259	1.66852490547683	1.06652488864745
ENSG00000225760.1	rest	ENSG00000225760	20.0755219810542	3.67804598475744	2.42470355103741	8.43259741975454	2.6247704656497	3.17202378422274	4.71392286096714	1.58166334526675	1.44254342989506	7.19163616866946	14.1291522147868	12.1061207975857	6.74204826977545	2.42135447033881	1.95235488434839	3.46207320820331	8.26436876549526	3.52263582643947	1.41039998668701	2.73518132662037	1.67586489786985	1.2936738589406	1.06818506519933	2.88628487682934	1.45034734048803	2.43373328048728	4.36204480392352	1.07926762303742	1.67318818011351	1.06942466951679
ENSG00000225873.1	rest	ENSG00000225873	20.4224743688421	3.68800846144645	2.54046091266782	8.5940689432144	2.59698178531437	3.06954786219983	4.86342115830852	1.38618757914564	1.35648787678151	7.18128042075386	14.1534678771546	12.0796245123626	6.73947287265518	2.39341897117977	1.88412880924595	3.42145777220304	8.30516843891442	3.55101973563504	1.32651937416156	2.70443595556322	1.64621942071274	1.29237186896885	1.06860792602824	2.8955517815217	1.44081949473168	2.42662167105665	4.36363722412785	1.07564171471936	1.66708279086194	1.0668987549487
ENSG00000226007.1	rest	ENSG00000226007	20.2760749400725	3.8299809766056	2.30604635111658	8.86511615811382	2.38362611754866	3.04277619763241	5.31251598968656	1.66907995053204	1.45785547893359	7.28182354870763	14.1515680132027	12.0662603052844	6.72609340722157	2.39701823593085	1.84836979797551	3.46458784486031	8.27496799473678	3.52763891878762	1.35987781980247	2.71595452485931	1.67101885547543	1.27775448491584	1.03292703745787	2.87361474956395	1.4474742764611	2.42534930552711	4.36067462255642	1.07766678890572	1.66950132418037	1.0665898549818
ENSG00000226363.1	rest	ENSG00000226363	20.0166850543178	3.78288542214597	1.26329121947211	8.12666186247174	2.364702853252	2.77990776356177	4.75090966981829	1.55990901293314	1.41440757013999	7.25354914608811	14.1909500653279	12.3070999350152	6.70537046969872	2.51448814718693	1.75204895065655	3.38238971431041	8.22128326068631	3.49332998649385	1.30952566726817	2.86761589634872	1.7085532714625	1.27569725427759	1.06814508200058	2.88602007762735	1.44613106944353	2.43333923700065	4.35698015506719	1.07621617781448	1.66826960017597	1.06719350800159
ENSG00000226453.1	rest	ENSG00000226453	20.2565944256999	3.70659548336129	2.3011931838614	9.08842352353054	3.16363749614355	3.00289609759532	4.77899927949209	1.48038534138193	1.26598234270928	7.16014804142086	14.1644623072431	12.0644680121218	6.69382506242846	2.39330963903108	1.83141750585868	3.46821127066986	8.24873818473052	3.53923508685362	1.31290193055232	2.70106767550129	1.62586668686994	1.28632822858777	1.06948282896633	2.89635452122856	1.4500219016009	2.4272768629368	4.36190354868967	1.0766456309592	1.66739493922389	1.06737016167887
ENSG00000227681.1	rest	ENSG00000227681	20.4387109860311	3.63458361862903	2.58816465940881	8.53959712087213	2.70472732198443	3.0871311525517	4.84619001370482	1.41726725836324	1.34796785487228	7.17584449319508	14.1887426685141	12.0707570499195	6.71906274682701	2.38532031971555	1.92061604494835	3.42358730207121	8.35196329432569	3.56246817487949	1.29171117300886	2.69997430097431	1.61822502129466	1.30113980676094	1.07482577197767	2.90360416400146	1.43928677180729	2.42787134120515	4.36200724415433	1.07655241922116	1.66622547553706	1.06779715925387
ENSG00000227932.1	rest	ENSG00000227932	20.4748030736597	3.62389889254789	2.65991282037993	8.40930622980083	2.57591906950499	3.12103653313001	4.86100282418259	1.38682379766953	1.3853744723869	7.19502884476826	14.1419927673462	12.0787382008141	6.7432352645437	2.3903231753309	1.90220258141634	3.43094569406405	8.32738465180196	3.55321228360876	1.37089808026876	2.7070308017098	1.67210669455703	1.28294765213931	1.06684504794685	2.8817446352449	1.44084250611697	2.42519077772332	4.36308889322629	1.077514683006	1.66865149476373	1.06622859327033
ENSG00000228223.1	rest	ENSG00000228223	20.1845142617063	3.73908893105668	2.548932716252	8.55907700995721	2.58598117442848	3.23733287775113	4.93946971396118	1.43029566795982	1.66416750842147	7.06386219539618	13.9688309416069	12.1536433974158	6.84745524477909	2.41688586342245	1.87292833947621	3.43049686295307	8.25368435157471	3.50633727886899	1.28372545628453	2.70337263156172	1.60744819283097	1.28615710130291	1.08049438613561	2.86301296486589	1.44905186067198	2.4264608895692	4.35761751490659	1.07773207800048	1.67054304399918	1.0702025779093
ENSG00000228327.2	rest	ENSG00000228327	20.0359089162952	3.67409012349495	2.59423014929949	8.62158545209908	2.69933794588326	3.22022435478326	4.69522562184421	1.66697379462975	1.44029960472188	7.15966747762914	13.9605599908486	12.0049976088758	6.54858072721477	2.46083326856136	1.74398156003382	3.54452150082968	8.29601944101434	3.52117136914725	1.3962666655333	2.71210269739294	1.65033516380576	1.28861876801253	1.06173308576959	2.91009857474958	1.45683387373874	2.43090280016658	4.36077157830947	1.07875413632629	1.66817937861516	1.06649636889344
ENSG00000228682.2	rest	ENSG00000228682	20.3860674282133	4.32078253795657	2.4132216544173	8.82683729997507	2.48890732163861	3.07626892344877	4.92994190385774	1.28640219973268	1.28303778783922	7.16697451758787	14.0078682698169	11.997529535404	6.67333836285225	3.09100724250804	2.06590125895303	3.59127831477138	8.25727386003249	3.54148328014573	1.33688770821687	2.71597845872455	1.64547192418259	1.27522231832604	1.06821116908445	2.88165713247274	1.44137097353291	2.42914631963221	4.36354319595355	1.07519215876936	1.66818488622672	1.06673880623442
ENSG00000229205.1	rest	ENSG00000229205	20.4925264592811	3.5807034557415	2.72941872783122	8.29330032900754	2.61754151857608	3.13369753929551	4.84358524562285	1.40544135594534	1.40654832993868	7.22525601683605	14.1156673034036	12.033329182445	6.71956020129022	2.40613769296282	1.84797408629121	3.42970218576358	8.21820584551358	3.52334938979059	1.34720217391728	2.70331763437237	1.65971725583239	1.27394158213667	1.05933079840855	2.88002961469456	1.4437394051187	2.42752662260087	4.3629164109416	1.07660978524091	1.66835756651451	1.06607415589318
ENSG00000229308.1	rest	ENSG00000229308	19.9655371117921	3.77329790088592	1	7.97112260630561	2.33728740596775	2.69769692146028	4.71292961051025	1.58336640518752	1.39940909425013	7.15748621571985	13.9510176501209	11.8273862046291	6.76208059690885	2.3419088998564	1.90714185994608	3.55877192721339	8.25841509026412	3.53441280340992	1.35774475663175	2.50598872972343	1.66986727474326	1.28233201336602	1.06923186498862	2.88573092384902	1.442122383619	2.42879046364773	4.36192998095435	1.07537252731683	1.66853703926629	1.06711641788294
ENSG00000229656.2	rest	ENSG00000229656	20.1309120165523	3.75998429670177	2.42501039621111	8.90124934272113	2.38064727193559	3.09086591723692	5.49215681107023	1.83465508757048	1.28811722313427	7.27066476436919	14.0728676056537	12.1099173043421	6.83056819357821	2.39418323103983	1.84815447507516	3.50054452187178	8.26407539960258	3.56009443951631	1.35765287937837	2.70833670032655	1.64132573116385	1.28422052140026	1.05544024370744	2.87649737541696	1.43989260681708	2.42243059655625	4.36317497953412	1.07368378298458	1.66717772307359	1.06727267251201
ENSG00000229807.3	true	ENSG00000229807	18.4670084816447	7.28530937694769	5.03988773603764	7.72851346810386	2.49561061918219	1	3.34791384142521	2.21460310064644	2.14394872714357	8.10370932377303	14.042606143635	11.463438447501	6.68662605954348	3.09584085074615	1.99993437505633	4.04502608827567	8.09743095534741	3.61885028210005	1.29075766426502	2.80677041868123	2.00290057693584	1.57985805681624	1.06334964590123	2.76615508114864	1.50825057451812	2.49369030586404	4.35763603987654	1.06359342550506	1.64489595124308	1.0442417812456
ENSG00000230952.1	rest	ENSG00000230952	20.1665231797376	3.56188632888235	2.11205897703794	9.5292011765997	4.20541488143813	2.79359662028461	4.61336351086509	1.63404510850892	1.18169012820815	7.22560308997006	14.2000290654479	12.0087916701736	6.72552674838347	2.39942132209286	1.82801372826862	3.49518331029113	8.21803118927527	3.49783911706189	1.35138915767395	2.70307631868009	1.68101627491835	1.25636744522881	1.06712754395679	2.86178629133266	1.4456739567603	2.42742801164086	4.36130340432107	1.07552841140939	1.66964464957677	1.06655584420501
ENSG00000231106.1	rest	ENSG00000231106	20.1019916330406	3.7918346146872	2.40333641648978	8.84222704101014	2.4232836229402	3.18013974888763	4.98016552938959	1.27620289784393	1.53910223127352	6.75786151305184	14.5676312213986	11.9146855340923	7.08512729358654	2.53530351735056	1.59688248568857	3.52453490592415	8.26476810560071	3.52519607328604	1.4127654846484	2.68929805362904	1.63643553838055	1.28761123825643	1.06235095517322	2.89583152088758	1.44291965341261	2.42639161874801	4.36189970296878	1.07224025949062	1.67155440508913	1.06641741770313
ENSG00000232271.1	rest	ENSG00000232271	20.3459173639098	5.80131014200995	2.6338413509763	8.59373258608879	2.71751901647385	3.01916072165112	4.81088348379127	1.47909011189157	1.48521991498975	7.28846072657861	14.0878301426185	12.0009843850861	6.69385547179849	2.39027191143264	1.8564829945642	3.41747738665797	8.22637532830179	3.53381965440516	1.38020131874849	2.70777196493536	1.66105331846974	1.27908389431864	1.06635774540107	2.88622540232277	1.44401291149102	2.42970033650105	4.36068644586265	1.07505812179772	1.66931009501489	1.06638453925545
ENSG00000232274.1	rest	ENSG00000232274	20.1696020952092	3.71153738249441	2.4790537775206	9.03906380571309	2.58440980872997	2.78260292670459	5.23522611567298	1.83364271285478	1.52758158199066	7.37170917357348	14.2144250362577	11.9776372254861	6.66012203440813	2.40721834400515	1.88593683510944	3.45608452743159	8.2896402329764	3.60687166948761	1.25394514846079	2.70548363739919	1.63027860826517	1.30184799108243	1.05579045948414	2.90916913231053	1.44403358299466	2.43328383089786	4.36387529889926	1.07301818681044	1.66760809544532	1.0671758478917
ENSG00000232324.1	rest	ENSG00000232324	20.3523085568482	3.75131324047366	2.31258228889517	8.97177956217565	2.63709720763165	3.04987715263131	5.01883157530068	1.41259322143768	1.36226939519302	7.19037105169876	14.0756462273509	12.1052675528451	6.81125377767941	2.39850538164662	1.82026072201836	3.43768669795077	8.23950770274219	3.52162385353824	1.42049021554667	2.71473032336997	1.7184018905781	1.26319279893491	1.13643650072625	2.88761562884915	1.42974637055896	2.4250443119692	4.36614145441164	1.07865169925721	1.66800522703918	1.065927202812
ENSG00000232388.1	rest	ENSG00000232388	14.8236972547647	3.98258341353231	3.17495902259815	8.82494679632136	4.92016988057632	3.34008947051475	5.23699629328598	3.67555437573211	2.75444862470743	6.32097318050366	13.8739955344506	11.4748686657449	6.38330231769883	2.3993267410109	2.73290365549876	3.14054179707579	7.96818514932091	2.57235402953214	2.44327614171079	2.64291236714193	1.41048702601094	1.52413831730535	1.18871125148315	2.7395208352063	1	2.4289061059265	4.29588939470744	1.09163888901195	1.59311390275961	1
ENSG00000232527.3	rest	ENSG00000232527	18.7215291134037	3.79156233818196	2.49580344789034	8.62706301220588	2.70096973864193	3.17336386829202	5.07901017189462	1.66135366198041	1	6.91218669811541	14.0296398702153	12.1086937947588	6.78776317143794	2.41537704893541	1.90886668712542	3.21204447831016	8.18083170598107	3.56972956463062	1.39901877227086	2.70697670674637	1.64861108066325	1.31011746502562	1.04873084308934	2.89895605541931	1.42056054844607	2.44526896369249	4.36320018028216	1.07604219262099	1.66966332150355	1.06667231101991
ENSG00000233137.1	rest	ENSG00000233137	19.1458763218917	4.24388112441578	2.69767342742389	8.54831182806736	2.72973038634746	3.29636640011162	4.93155790590516	1.77369674241675	2.00963428425877	6.93717824988342	14.2035878433255	12.041387654277	6.7895054494012	2.40716711057683	1.8409813688692	3.57767797675832	8.24821191787116	3.53815651630108	1.27612711439107	2.70044230929163	1.64906905112614	1.2852756843251	1.08407928085947	2.86186920199016	1.44873363679977	2.43590331299043	4.36408387376723	1.0795034885787	1.66570485749523	1.06764732846468
ENSG00000233236.1	rest	ENSG00000233236	20.4373711311934	3.93055612217732	2.56540394958604	8.56204124625099	2.54813773016022	3.09749559240733	4.88116097364996	1.37512294177793	1.37656881631713	7.18629212289397	14.1358085801188	12.0860783432085	6.75225366463431	2.37486595461094	1.88134750988633	3.41900868211957	8.31261109991914	3.54889858562666	1.3676943354691	2.7064591617466	1.66905042871354	1.28526080001016	1.06695841516395	2.8872155799999	1.439121405561	2.42494382437975	4.36318193398091	1.07660361720545	1.66799744983076	1.06666277447639
ENSG00000234147.1	rest	ENSG00000234147	20.3114198995789	3.81920816119105	2.80279477004891	8.43511761092052	3.23048676417928	2.95087183207205	4.64934089854514	1.55903571146791	1.57415978198203	7.25212271438181	14.1086605611902	12.084050254822	6.78706960172918	2.37625986058145	1.9571466839347	3.49241032404183	8.38618206195381	3.59699489489416	1.30168251838232	2.71170587430025	1.63173362714237	1.29760566377367	1.0677994742368	2.8972867592461	1.4331000553278	2.43072802241085	4.36241283816785	1.07343030188041	1.66904959552517	1.06795816792115
ENSG00000234431.2	rest	ENSG00000234431	19.0427774739929	4.15029843692618	1.91016302510471	7.9499757634085	2.67509855991452	3.13363272272067	4.83846163298567	1.61237220176421	1.17403351114156	7.32248521333243	14.1949563975759	12.2158398669337	6.76547714132792	2.39965786028258	1.78886392985816	3.47497775017159	8.27854683183432	3.5640529276259	1.28314382881594	2.76930383495302	1.55939302063379	1.28579195975909	1.0822664453689	2.87654424100227	1.44024588257389	2.4145837904294	4.36901734322099	1.07446858635278	1.67006764956475	1.06564507969649
ENSG00000234722.2	rest	ENSG00000234722	20.512973290764	3.5446733972824	2.81132203241011	8.19392228222534	2.65519156517433	3.14531044656242	4.82247866175983	1.42383345687487	1.42327036843041	7.23667947857446	14.128000666223	12.0362454796427	6.71407803575103	2.40412544029159	1.87639090878891	3.43628153442344	8.25758397110824	3.53473509166764	1.36156969236107	2.70800547822973	1.66671925338971	1.27510302648432	1.05947365705448	2.87858919340755	1.44206526255933	2.42705614589803	4.36303083053715	1.07705580259425	1.66885386154869	1.06578244801603
ENSG00000234883.1	true	ENSG00000234883	20.0167976511999	14.713467563738	3.92009300906196	7.27359608047497	4.12089320852133	2.74834805044846	4.13946227387176	2.40843992227378	2.45266251178222	7.91178364042758	14.1650507412599	11.6480973825824	6.4767872170819	1	1.52099464525551	3.08483838742942	8.06099262455145	3.51403043660129	1.56646676607068	2.71275502559953	1.83808316285924	1.25632643487677	1.03648476943502	2.91575122617291	1.45490232004763	2.44242795084103	4.35068929431999	1.07329284175599	1.67655985891949	1.06001295051619
ENSG00000235152.1	rest	ENSG00000235152	20.3818533761911	3.75861678138959	2.29486941428854	9.08968316311503	2.2032440261557	3.67521707262993	4.36430605112382	1.84205599290976	1.41629025672665	7.24771886731244	13.9490601962168	11.9625412731555	6.70683614702435	2.49260472120538	1.56664020154044	3.3350984481199	8.52578001186782	3.48923995814748	1.32370266415337	2.70962087850936	1.64897825531995	1.24959663582103	1.06636316450359	2.88834686758036	1.44305547433918	2.43194028752497	4.36423114481006	1.07492042950976	1.66782815942596	1.0670914611012
ENSG00000235385.1	rest	ENSG00000235385	20.197116132196	3.76070552727238	2.49158697418398	8.95755894404079	2.27244446670788	2.75202251959787	4.78379118790173	1.34726848532618	1.41840513366078	7.23094488047529	14.1262371377706	12.0659952116935	6.76213982181889	2.41045277218953	1.83603420126418	3.39901431534153	8.24526889361797	3.59747874925485	1.31029753288255	2.71016238976245	1.70372213070436	1.31140579580677	1.07261506466139	2.88317506483585	1.45510290170109	2.43022106679845	4.36440971786194	1.07359872151222	1.66901167415697	1.06766173877581
ENSG00000235398.1	rest	ENSG00000235398	19.7400774348776	4.13086392635317	2.63320366085137	8.74515206007025	2.46475234133946	3.37036384250262	4.87581622565373	1.54381312448048	1.22430117735051	7.15153741998257	14.0944032363748	12.1526649241337	6.7011114998687	2.30795712039051	1.86532244636323	3.76428421919527	8.26845282911851	3.31517812718936	1.27727857935552	2.72627431019407	1.76410604939154	1.30793553767914	1.04917182468605	2.90130010545256	1.42629511909078	2.42372285039863	4.36630134863943	1.07388862699735	1.66930086289333	1.06897698268319
ENSG00000235576.1	rest	ENSG00000235576	20.2559267538038	9.20656542009817	3.13715671743179	8.0900757991528	3.2568552091649	2.89815513746243	4.54325709985189	1.86328869467225	1.87519863817636	7.56351631583759	14.1561417712512	11.9179580237193	6.65251691819255	1.52343940352124	1.61682062251313	3.21655641082717	8.16216333871391	3.52517374405597	1.47619830089462	2.70405704016455	1.68977629405523	1.2793639124565	1.05765883481783	2.89131788270355	1.44390245380394	2.43319135120927	4.35562480142791	1.0735802610143	1.67241915771246	1.06539547056858
ENSG00000236094.1	rest	ENSG00000236094	20.3448765023108	3.77868838109903	2.3141048001909	8.96664251417338	2.32014486947515	3.36491996188686	4.7068205958283	1.50210103436429	1.4008273660342	7.16661563105935	14.214509826729	12.1123106605507	6.81010100132062	2.36724410298782	1.98815115274637	3.46175723243152	8.11573856959061	3.56329193533406	1.35989470238106	2.70233020669546	1.65584955200754	1.28650711610474	1.06819637342886	2.89116353996497	1.44365793685076	2.43008574146431	4.36438531382043	1.07776121007078	1.66646479591533	1.06772576963867
ENSG00000236537.1	rest	ENSG00000236537	19.4160934891428	3.75634247548872	2.56244324195543	8.81274742862935	2.6673747745558	3.26517748047606	4.8755171114589	1.34165026280469	1.37217185563063	7.36304812852216	13.9246380270161	11.7353946126051	6.69549142476495	2.47927265850666	1.64121584713276	3.48082679387725	8.15143450982982	3.65904691477532	1.30779650930941	2.73480862729216	1.66888563092759	1.35615867533694	1.0777773805189	2.89505008487218	1.42432851291692	2.41648203555132	4.35589332083871	1.07901388117534	1.66933358896967	1.06708305143349
ENSG00000237643.1	rest	ENSG00000237643	21.7191421509003	1	7.78371833322126	1	5.31497646471679	3.75713498613909	3.28203648466979	2.79109675412141	2.61668676238808	8.16913957886888	14.575010051639	11.7939302491809	6.24490700275782	2.31663811559482	3.4047224521753	3.94346671133495	10.0772554115905	4.07609528841602	2.22533061229084	2.87479579022994	2.10239799925625	1.28826380670827	1	2.78175124884401	1.32782099942932	2.40150996405085	4.36537520432819	1.10212120192153	1.69800089714992	1.05198571476792
ENSG00000244342.1	rest	ENSG00000244342	20.3852521630754	3.7782596897182	2.30876428425774	8.9697486460955	2.31524283686357	3.3504877792405	4.70211288177401	1.51193644586306	1.37997554411444	7.19079245076899	14.1872601691001	12.1317500420189	6.79774317900202	2.35606172706111	2.00224788011778	3.47019714970452	8.11048030669766	3.56387511012316	1.35520589534419	2.70391174406496	1.65540912249191	1.28773155023243	1.06910456241432	2.89063590142824	1.44356929353821	2.42543678750829	4.36122810094831	1.07643384661724	1.6682054516691	1.06525443870088
ENSG00000245532.2	true	ENSG00000245532	12.785735212127	4.2063535879683	3.73763258135919	6.77975883858019	4.27690701306544	1.68745574839546	5.83041119327546	4.45558653645827	5.9533603939572	4.95578716752278	8.10372228948605	10.6303077396468	7.20733805775479	1.06690886460914	3.13967334625554	6.50364549105636	8.19992447158934	4.28902542126152	1.44684619265891	1	1	3.16446895323575	1.57946972739561	1.44130612703065	1.47500299063891	2.51927934173555	3.9251699318962	1.4205455200348	1.62721002279925	1.36656696602635
ENSG00000248103.1	rest	ENSG00000248103	20.2990833858288	3.67882705571023	2.56565557609075	8.79837860721	2.35933367005073	3.0295582279322	4.64702678416961	1.50178601584575	1.44840943692301	7.26762023540333	14.0859244661642	12.0157317416253	6.72860443927423	2.4210762229411	1.81017151416696	3.40698253230744	8.25335521477351	3.58090986667274	1.32861710782923	2.71258599918718	1.71109628744119	1.38228488808275	1.07552544674804	2.84283970562236	1.4577069837704	2.43388496713381	4.36733279052395	1.07305945008525	1.66875597612616	1.06543843458607
ENSG00000248810.1	rest	ENSG00000248810	20.4123916957551	3.68823022864931	2.51450424256435	8.6020343735009	2.49969057306301	3.1187133315856	4.90040529894507	1.35983996494	1.36803755574345	7.16546514806717	14.0894861063439	12.0482346351461	6.72419770085893	2.41402080528638	1.80144012238198	3.36886484346586	8.16810502536555	3.48225310331495	1.33218880197287	2.70046653152127	1.62561343034703	1.27794338246302	1.0656383604031	2.87593963241439	1.44081252749529	2.42446080365712	4.36111661721068	1.07586224765924	1.66705760117353	1.06970824261283
ENSG00000249069.2	rest	ENSG00000249069	20.4346770233793	3.89260327535927	2.54100058317256	8.59622061960031	2.52869988922226	3.09812798872451	4.89267952207507	1.36287886124697	1.36474645181191	7.18066221708095	14.1282795341916	12.0826909620592	6.74917482473707	2.41007602994898	1.87638068577837	3.42323968580081	8.29128112720926	3.54272812084361	1.35667756668402	2.70664330466361	1.6635734295316	1.28319300116569	1.06829980399528	2.88535387870542	1.44226712985486	2.42719930248909	4.36119567768584	1.07490680382223	1.66739604040377	1.06655495860802
ENSG00000249430.1	rest	ENSG00000249430	20.3172416082802	3.74711801668246	2.28993114618287	9.15784136695256	2.13626030524516	3.80946659052844	4.21700674189277	1.94824087492951	1.50919277210131	7.27240701326978	14.1124871656098	12.0606888925906	6.73564743849534	2.39068211488111	1.98877005143268	3.42954195441461	8.15937153676622	3.5398553895965	1.39305010410039	2.71135725569074	1.63784738406969	1.27653020891345	1.06768509215137	2.88012351485381	1.43290505323072	2.42345567271208	4.3602247111096	1.07372807200968	1.66964479506378	1.06609735333751
ENSG00000250271.1	rest	ENSG00000250271	20.3188395724668	3.7456711266437	2.36005640565614	8.95653744554245	2.37057160032015	3.05532458162621	5.65631380260399	1.92812136459771	1.53541171612757	7.39630268750695	14.1598228618524	12.0032524350719	6.74136585504004	2.41449123827846	1.88065730671306	3.45515936049999	8.29127735921784	3.5534570760196	1.38131724749892	2.7097753311819	1.67266493847929	1.27048168778512	1.04062557123439	2.87512503026136	1.44489377029211	2.42468476047116	4.36108976113197	1.07861070780655	1.669812669405	1.06613687306494
ENSG00000250666.1	rest	ENSG00000250666	20.4408548687498	3.69568501374552	2.51955820155839	8.60800058628885	2.50388843614808	3.10398307791861	4.90215258870263	1.35032626574795	1.35155565785953	7.16595899132101	14.1389113163055	12.0994604419719	6.76044757784524	2.38978764070452	1.8781035008189	3.41842597080311	8.3109667725363	3.5469187038201	1.35705314724565	2.70672318282397	1.66567387474799	1.28479446990124	1.06942234428768	2.88531403789984	1.44192980539171	2.42504411348991	4.36308185046344	1.07706505141577	1.66793613570558	1.06667563669511
ENSG00000250742.1	rest	ENSG00000250742	18.6721762481635	3.6527046213719	3.13657293464603	9.10735431846703	1.90781725203478	2.18850250194	4.4760338861217	1.40234948962882	1.37700547707823	7.48687718492979	14.1651361144423	12.0022239593339	6.88142116251586	2.3990324107595	1.87567108339849	3.50751570038203	8.27649375082956	3.34597312281029	1.34848220749848	2.70197967572065	1.60657538422777	1.26996198761198	1.0732896621674	2.88089001972559	1.43711781084342	2.43084856159746	4.36023253921771	1.07868934350563	1.66831797078483	1.06543498611602
ENSG00000251129.1	rest	ENSG00000251129	20.5085493642907	3.44811880759935	2.97625682628769	8.02406729461444	2.71316299567518	3.17652841341984	5.11047732831519	1.7470759001459	1.58438443535284	7.39611030199534	14.0874587182747	11.9148674589869	6.59017022973844	2.44129233855491	1.77596428751788	3.49717489951106	8.0735828021042	3.50133957305257	1.36054774649517	2.71380617601202	1.64804015513172	1.25689769265236	1.1035796497874	2.89994527670528	1.44343662515451	2.43450070632807	4.36740230399122	1.07558499116703	1.67188147384344	1.06630028561136
ENSG00000251138.1	rest	ENSG00000251138	20.457120632258	3.65581946491187	2.59476039881594	8.51061506812289	2.54161993893889	3.11907247657844	4.90374700004317	1.38290879966343	1.37918461187806	7.19954050149209	14.1142017267168	12.0557508144892	6.73601311420312	2.40569700055707	1.82972889257687	3.42054272396551	8.21086191685294	3.52123844705694	1.3335095150156	2.70357360017929	1.65216482945676	1.27650263127759	1.06352325237494	2.88336998448421	1.44455961641081	2.42755221567167	4.36301569449477	1.07616185046576	1.66777352071847	1.06642630967347
ENSG00000251273.1	rest	ENSG00000251273	19.116308950674	3.70148464103574	2.05915817583049	8.59167571693535	2.68208632921677	3.63788988801294	4.82951575238341	1	1.58827958299008	7.72463541737142	14.428550686625	11.9496282350689	6.73070797832215	2.37916375308852	1.85814562576713	3.5755812072042	8.25233725109259	3.64448799890649	1.41806146769185	2.7310885510185	1.67414700172295	1.26562601907204	1.0594222773794	2.88785204352831	1.44509610832409	2.43556461595991	4.36255875675688	1.07488814599934	1.66631436560725	1.06820887511334
ENSG00000251434.1	rest	ENSG00000251434	20.4301854890929	3.71930929262075	2.47539043722308	8.67493838525579	2.47995840989931	3.09842459243304	4.91592921671874	1.33767267327569	1.34027601379689	7.15585934801884	14.1363237551628	12.1033155524194	6.76601501971156	2.38919545726575	1.87042297214455	3.41532252019497	8.30449277022171	3.54493343868826	1.35238439268284	2.70463541868881	1.66309859002999	1.28542874013697	1.07023257873884	2.88643415902914	1.44230789146753	2.42500356104011	4.36311731971357	1.07689977264609	1.66769583322372	1.06682140141082
ENSG00000251562.3	true	ENSG00000251562	1	3.29403807719224	7.22653393004155	4.73037281679813	8.96698409055594	3.2706196098032	5.58374433001106	6.69949168009911	13.3304881931777	1	1	1	1	3.33896302612007	2.65042504660829	3.02338731498509	1	1	3.80609550820337	8.94592079756662	5.27962523010894	5.67913928739198	3.54655997937709	1	1.36653444111933	1	1	2.99623187606298	1	2.0088043135055
ENSG00000253394.1	rest	ENSG00000253394	20.4453936884762	3.68641558197563	2.53337058211022	8.59567559798148	2.50715372256547	3.1108947653819	4.90808010375001	1.34790036418112	1.35622657743344	7.18435126826204	14.1042324407782	12.052743901699	6.73995045009317	2.40844097064043	1.79472011336961	3.40886819802912	8.16198857724845	3.50614156227236	1.31496014443769	2.69963996532918	1.64329520315238	1.27489567273996	1.06290183441605	2.88420381260091	1.44785722520032	2.42831857589207	4.36285942760176	1.07573217909358	1.66723051184635	1.06662039199942
ENSG00000253522.1	rest	ENSG00000253522	20.2277974598275	8.50173153711695	2.95420033422974	8.22711475926572	3.33433059844459	2.87041352164631	4.54746924856852	1.84380797582486	1.75083695431521	7.50475147149233	14.1720741672281	11.8900024684881	6.59054120772863	1.89945202403218	1.7509005425528	3.30612709920325	8.19085579107593	3.53517707918083	1.34933037838226	2.70288562424683	1.60711047073997	1.29611063351602	1.07077455168483	2.90694377148827	1.44728992509066	2.43905699555939	4.35613699416599	1.07181821093472	1.67012583891087	1.06587978059834
ENSG00000253659.1	rest	ENSG00000253659	20.2048302254028	3.74614182789208	2.50278831818612	8.97331295181688	2.26199090670356	2.72953821847616	4.77539105485513	1.34577618751595	1.4216885393785	7.24048851245596	14.1199319267487	12.0711153460734	6.75667659784191	2.40278926944642	1.84379257952173	3.39060939284969	8.2472396866377	3.59678138614577	1.30910931502613	2.70791597913112	1.69696520343703	1.26588234022732	1.06890126420976	2.90106037620657	1.45519683026016	2.42844467279787	4.36254623400604	1.07535019091114	1.66965445809366	1.06837839062099
ENSG00000254166.1	rest	ENSG00000254166	20.0735898216102	3.64477069310904	2.131779614304	9.52189269727404	4.25499833051039	2.94970594683035	4.70665053857546	1.3181403446612	2.04283280037663	7.28237707076015	13.058577049103	12.5608659048004	7.55320083357468	2.4462965627576	1.6700872067276	3.80317614578829	8.05540330510511	3.43143069657489	2.06188342530533	2.79361405924892	2.29131049071393	1	1.0895497753931	2.48673513396328	1.56896538126489	2.41759482748051	4.3344896268989	1.11625665961741	1.71379476788615	1.06188519136571
ENSG00000254277.1	rest	ENSG00000254277	20.3269197987219	3.70882945421205	2.14683666714422	9.53373451414515	1.77874771599846	4.91995147458273	3.19923773893542	2.7838115621061	1.77191447117457	7.53373702104934	14.3720484483952	12.1390814073536	6.83994007413939	2.25217009949622	2.63653517251441	3.74566183533124	7.5825969031859	3.68888717279406	1.46587394318452	2.7231818328751	1.66817365829006	1.27609771255263	1.05433249697313	2.89492624553405	1.43711181888757	2.42865229127927	4.35326900855267	1.07688526862942	1.67488749782889	1.0560396448322
ENSG00000254337.1	rest	ENSG00000254337	19.9831505697339	3.71667987685913	2.58932879501944	9.03012850484591	2.20664870579031	2.63184499023851	4.7264004182976	1.31923928666399	1.58619265014607	7.13506542450082	14.0671789060815	12.137056831711	6.37848255611372	2.35185610351113	1.82698402169826	3.48656603852402	8.23221465468032	3.64226576442434	1.42978342643887	2.71513614506062	1.62115053438605	1.26215835035708	1.06385722393835	2.87440866680715	1.43143518876376	2.42382589711741	4.36448133258596	1.07135762365188	1.67128336597236	1.06970216647671
ENSG00000254339.1	rest	ENSG00000254339	20.2955064139586	3.65742821130943	2.06032948189775	9.91550255351652	1.4180610818764	5.97074021060125	2.16433480839289	3.70592627337285	1.98650345747173	7.74954638843445	14.2071560501122	11.9667718102606	6.76415878120196	2.34766716640222	2.47274175682736	3.73105290001982	7.7740786434117	3.66902053960127	1.4832620422452	2.73782027036042	1.66720678898811	1.23146275462634	1.04480985632401	2.89430861405861	1.43365512902568	2.4368767114494	4.35282276908776	1.07552024458201	1.67751289015639	1.05374580663662
ENSG00000254934.1	rest	ENSG00000254934	20.2475964107997	3.60512163341939	1.92658070506835	10.3541791328042	1	7.19432334609397	1	4.67674501274868	2.30803670265035	8.02219589802752	14.4409271953844	12.0285135367258	6.8289037393034	2.2147563078327	3.1528785411843	4.00807877474518	7.19089259402783	3.79880510541941	1.58746114365777	2.75249397402748	1.68027075348959	1.23406156119657	1.03349079692639	2.89833274775932	1.42843553638507	2.43751256995133	4.34506310400844	1.0764009817464	1.68334733674657	1.04534442306491
