gene_id	withinSubset	lncRnaName	Comp.1	Comp.2	Comp.3	Comp.4	Comp.5	Comp.6	Comp.7	Comp.8	Comp.9	Comp.10	Comp.11	Comp.12	Comp.13	Comp.14	Comp.15
ENSG00000004142.6	rest	ENSG00000004142	55.6442173687822	19.3923928203287	10.4708084877887	12.699122730231	7.44591050303556	5.6867519051238	8.67812765660567	20.2338788242773	5.0454590839194	43.8612289567139	80.1428247958612	16.4406800924033	4.33255201299455	8.69403035787017	5.60185018643601
ENSG00000006534.11	rest	ENSG00000006534	63.5231544783152	20.6667526244629	10.4176884680929	13.2640114923326	7.60307668616149	7.47509225121975	9.60932368160462	20.9030470109164	5.62770065892997	43.8786770834252	80.5462015848814	16.1294540240557	3.80595804367486	8.87684817379794	5.97096995488548
ENSG00000085365.12	rest	ENSG00000085365	61.5531646304575	20.4892389963278	10.0600975840496	13.1995912565591	7.28265988207585	6.87232848655042	9.7070141812261	20.8479139988266	5.48583165101903	43.7342073826075	80.2274258713896	16.1938495683636	3.57848719391392	8.96731797013024	5.71109114072323
ENSG00000088970.10	rest	ENSG00000088970	63.9245384117666	20.5194965527455	10.0369321482177	13.4147411177863	7.14207653239651	7.07162350975887	9.79563845551282	21.0853486888642	4.94393118087577	44.5850173679837	79.8344364229119	16.572494239181	3.53150516750097	8.95594639572718	5.94368064503955
ENSG00000100181.14	true	ENSG00000100181	64.2307996954277	20.8223346128155	9.54982868685811	14.4935641100121	7.22068611254234	6.76832773192452	9.79836308018714	20.5076152377534	5.51537673099246	43.8355460257036	80.280771886443	16.4396172325269	3.47983754654555	8.88101161200699	5.9193932616346
ENSG00000104691.10	rest	ENSG00000104691	64.0532953077676	20.6864292873761	9.92761231752905	13.6569796605066	7.20714722488901	6.99469546651143	9.83048057043607	20.7968985545926	5.39734037952365	43.7722997308226	80.2624193867729	16.3783071808141	3.50286191662606	8.8570238775213	5.9910482323709
ENSG00000126005.9	rest	ENSG00000126005	62.4856499887508	20.3669551929113	10.392659876458	13.0612411607734	7.39638973902385	6.41938407093546	9.740345191433	20.2913499345084	5.62383061604003	43.6131861255552	79.9711263787061	16.5625980871025	3.81376332199802	8.95249691913144	5.85231736106694
ENSG00000126749.7	rest	ENSG00000126749	61.9179909112998	20.141387201275	10.0215944147393	13.4441749973573	6.71093814799347	6.07968768319865	9.31945784113273	21.2215230489245	5.29822765524357	43.6126970649277	80.365310827357	16.6743232261269	3.5219816846005	8.57344338910226	6.08221187451967
ENSG00000130600.9	true	ENSG00000130600	1	21.4427955056968	30.5501780505874	1	24.7981497736318	19.8357180930218	1	1	14.1713217131656	1	1	1	165.617289681181	113.079176049724	108.954778418836
ENSG00000131401.6	rest	ENSG00000131401	64.4461321771284	21.3318453901636	8.27004116606417	12.2735275308187	7.15057226519608	7.2265256147765	9.53488391273425	20.6282484550943	5.36513380599015	43.8142869383549	80.3744349617726	16.4572905938617	3.46284424665807	8.8979227484391	5.9678143859726
ENSG00000137700.10	rest	ENSG00000137700	63.2413383828358	19.7512470632258	9.52997815152709	13.7899775186733	6.94911551849555	6.76632532531334	9.75002516909102	20.5041666713533	5.10672811979314	44.1471665270322	80.3232385812933	16.5399065875433	3.3776618698705	8.73355453912461	5.91539337283781
ENSG00000142396.4	rest	ENSG00000142396	61.6439724071772	20.6927844001091	9.60538480349374	13.5608186234371	6.67223801970164	6.74088620404407	9.72857307565168	21.4169673805884	5.26168810230383	43.3303799278042	80.3260178401849	16.1484871269273	3.6972876237747	9.11203051176315	5.98913825164955
ENSG00000147676.9	rest	ENSG00000147676	62.6794718277969	19.3689464140484	9.89363311122273	13.5757340623923	3.50495852019438	7.26676318517865	9.77125456321084	22.4678719502892	4.54151720160106	43.771871085522	80.1777919710574	17.5294941971661	3.33241053245192	9.02605118913044	5.87442637257041
ENSG00000150316.7	rest	ENSG00000150316	62.5206689341326	20.9110440250709	9.59869508417708	13.4127831782455	7.27945532369652	7.08243468310112	9.57580518174467	20.8408525956207	5.61574934851946	43.7958706466665	80.2978255401951	16.5781007334178	3.69464152313278	8.87627857095418	6.09951252190779
ENSG00000162290.10	rest	ENSG00000162290	63.0012175870597	20.6302135133796	9.93820806808506	13.3599440836724	7.21973635967418	7.12438387816148	9.73394865831815	20.6659131790299	5.08919554897928	43.6354206320566	80.0825714373411	16.4715862018623	3.44415519150386	8.78407797727154	5.96502089426146
ENSG00000170846.10	rest	ENSG00000170846	63.7421976770704	20.5322114656676	9.65574940743922	14.1577922116058	6.94506147297042	7.11258836760018	9.83737875042057	20.5280522229588	5.58742763706844	43.8301427965099	80.0659552603607	16.3745181504535	3.48630286148826	8.84524542431823	5.97737337890789
ENSG00000172965.6	rest	ENSG00000172965	58.9903841555871	20.498733084312	11.1437386135537	13.4200860474981	7.73202696612416	7.20069471195831	8.23390704067407	17.7238851267829	1.8564499102631	43.5237159916721	79.4182834547482	16.7700794985481	1.23571143118853	9.22125929414138	5.48038703106881
ENSG00000175061.9	rest	ENSG00000175061	35.7340968048937	15.5192332567663	7.87260768956654	14.0845047267983	8.83254271723858	7.27458216454153	6.0029955205835	19.329656591167	2.64021060311751	43.6346675313217	77.6286029989318	16.6176486778366	3.31535778370525	7.11564851262105	5.42712947967876
ENSG00000175772.10	rest	ENSG00000175772	64.3467826946283	20.5385393925022	10.1498715659679	13.408758471993	6.41075816617738	7.32752595276332	9.87719117983911	20.5980199903928	5.49236318826017	43.771611301901	80.4504114719899	16.1135469575754	3.40457442305585	8.81355256874718	5.98641239244422
ENSG00000177410.8	true	ENSG00000177410	46.5973220453431	21.3636988456709	5.3014091325052	19.6341702427567	4.57436688179379	10.4234588777508	8.72667651532317	27.0611772215506	3.5049245744451	46.1090710311072	82.8262669070201	9.6679099461701	2.1615886788794	9.63667732214185	6.13570317199786
ENSG00000180712.3	rest	ENSG00000180712	64.4487379203037	21.2918548335901	8.35146530708729	12.3241213000105	7.15134046749909	7.21928346442269	9.55225821925499	20.6328898847636	5.3576133358928	43.8200555085404	80.3683285624605	16.4562101137269	3.46081163885476	8.89636984837803	5.96797305748876
ENSG00000182165.12	rest	ENSG00000182165	63.2719674862658	20.4786931561304	10.0399775727462	13.0295302924967	7.10683349095106	6.85434624972173	10.0727458957969	20.4742811745206	5.2069626561688	43.9557442761529	80.3508587161289	16.3878679691058	3.28244756426153	9.18389645462703	5.62339590537488
ENSG00000182841.7	rest	ENSG00000182841	63.8032134515594	20.3573873977223	9.9520575404946	13.3912330494947	7.13869500230424	6.69943318386346	9.78185169664128	20.6944327916648	5.32020318474535	43.9276817376388	80.1962743244081	16.4623865417523	3.5192202802537	8.91697755672332	5.96931054552871
ENSG00000184324.11	rest	ENSG00000184324	64.4267999049134	20.7157191255546	9.88988285456222	13.6477706939238	7.29454265819213	6.97968749143907	10.4245333090008	20.6429764461753	5.41582394391242	43.7407214849954	80.368434223599	16.4408552053226	3.41728176188976	8.8715488967913	5.95517552728023
ENSG00000185044.8	rest	ENSG00000185044	64.5039510861934	20.68830098056	9.92353537915953	13.6866270798617	7.22052827696869	7.00791610460581	9.93486837297662	20.6729813234571	5.4297517466816	43.7785374000711	80.3124258475225	16.4002845969526	3.43666971369963	8.86820062005778	5.95123190647631
ENSG00000185433.4	rest	ENSG00000185433	64.57045860463	20.9442027119491	9.25946661076004	12.8844243080981	7.18461304840162	7.11633531336186	9.70508163073021	20.6703141870412	5.38551037817146	43.7851099919636	80.3567584463506	16.4299156663163	3.45189059092547	8.87656553388961	5.96199962263742
ENSG00000185495.6	rest	ENSG00000185495	64.2912061532047	20.6478685573179	9.64083908250353	13.8174554145933	7.21055388043778	7.10221563809787	9.83424865309954	20.6993494034634	5.35548748503275	43.8749860934482	80.2574799547458	16.4256865603501	3.44479909679501	8.85816039521429	5.95309902674885
ENSG00000185728.11	rest	ENSG00000185728	62.7068720250451	20.5230520195787	10.1724524223156	13.1731369601267	7.16689385035304	6.96507080577672	9.54640979448276	20.6875790004697	5.63002310105379	43.4853670800093	79.8086436285175	16.2731404168897	3.33686503317085	8.81822440527785	5.97620166959496
ENSG00000186056.4	rest	ENSG00000186056	64.4336726800897	20.6720563089332	9.98801832307396	13.61295839084	7.24376699293009	7.03742317023869	9.89873514500561	20.6903345786308	5.40833371967595	43.7949135088597	80.4413171017892	16.4590826233762	3.50706335456655	8.881912073022	5.87889869310128
ENSG00000186594.5	rest	ENSG00000186594	62.1491169145065	20.7301536504602	10.7208020110839	13.0178888423732	7.57334669530547	7.08846461963622	9.33319823047902	20.6617603176941	6.06203721390474	43.5792795445685	79.5691113906778	16.3830020718632	3.84230396080914	8.85181817051235	6.29487507596005
ENSG00000187156.4	rest	ENSG00000187156	64.5002987768902	20.700147167293	9.90100672047585	13.7267775909103	7.26742170538535	6.99295992533801	10.1398555841065	20.6433997414559	5.42485266301823	43.7627747356532	80.3466289343482	16.4274547015079	3.43383404620095	8.86860317692791	5.95296874532035
ENSG00000188206.5	rest	ENSG00000188206	63.7481372157007	20.725262105279	8.88245913460887	14.1523662192156	7.06945046001436	7.24919384576339	9.75414626626419	21.1231669675256	5.14826552902353	43.5853891862951	80.3675998787002	16.6213762516174	3.37469171310742	8.91825236631852	6.00366193480415
ENSG00000188338.8	rest	ENSG00000188338	64.3696343021605	20.4728224725971	10.1012943365333	13.4183206511543	7.01913111574055	7.1778589793668	9.97897019475336	21.3161910828663	4.44637010258164	45.2586784115033	79.4494994317428	16.6340955431759	3.44970360103855	8.8876192863185	6.03581185917741
ENSG00000189223.6	rest	ENSG00000189223	63.5669289244047	20.7253379113025	10.0715457404948	13.4848693043929	7.12994194581883	7.1969159610321	9.54596393863236	20.2949796338831	5.46993479932878	43.8555230763001	80.5276920685111	16.5356123809321	3.68539019316736	9.06881361725396	6.32391090661304
ENSG00000189229.10	rest	ENSG00000189229	64.5807145851023	20.6624759783849	9.95285152303761	13.6527672288758	7.21018505651939	7.02803111077458	9.84419045252691	20.7376067686903	5.38354507949425	43.7401893831698	80.3347967196986	16.444497532227	3.43863949015605	8.86691551232784	5.95986225065604
ENSG00000196756.5	rest	ENSG00000196756	63.2562849693678	20.3231164844703	9.90469643098624	13.538834433506	7.03512099769816	6.79772578802162	9.74322788113375	20.7878600599732	5.19500615221702	43.7641668555547	80.1869140955936	15.8573168333136	3.69923606560174	8.96074520475214	6.01689597482595
ENSG00000197463.8	rest	ENSG00000197463	64.4028231114473	20.729538090651	9.85424746000698	13.7011781887608	7.30129517466195	6.97628670615155	10.452277906743	20.6328904648185	5.41980563693956	43.7425775426727	80.3680217617076	16.4434235628775	3.41696094767359	8.87311898840612	5.9544374699741
ENSG00000197989.8	rest	ENSG00000197989	63.5682724293926	20.4705318603993	9.53136898361645	13.7305149156836	6.89331702360962	6.96662208312536	9.67426334730448	20.93505447226	5.16121582837229	43.6720005750385	80.2501179761359	16.5937920454093	3.40684028051627	8.7676096442291	5.94423522603634
ENSG00000198833.4	rest	ENSG00000198833	62.0513156148281	21.0433063397598	9.44015373830838	12.7289380197753	7.2904750428376	7.49749785615441	9.41816649507812	20.4241126456515	5.51432788135738	43.3169310390067	79.4421604492212	16.4147708272628	3.91348570037173	9.04476457949207	6.2848260840523
ENSG00000203279.2	rest	ENSG00000203279	64.4939297408576	20.1831670651745	9.89817805292008	13.4332344313269	7.22240999869984	7.01317820449812	9.88506528714345	20.8031742628783	5.34743473026643	43.8337649861096	80.2925427953417	16.4279195135982	3.43502762655385	8.8784215415375	5.93870978035155
ENSG00000203497.2	rest	ENSG00000203497	63.8006844753378	20.4270433664374	9.88364133575463	13.2882052387375	7.07026862227853	7.03727867204313	10.233462699126	20.9244535643824	5.10505606171239	43.5890526384124	80.2726230817327	16.3297823881928	3.48598075077725	8.98274350152535	5.99043422131018
ENSG00000203499.6	rest	ENSG00000203499	64.2922337928269	20.5172759122742	10.1345851280784	13.3979469024616	6.35590458248805	6.93320763094099	9.8314598823114	20.6416659249304	5.55815827939755	43.7613092945996	80.4156765715953	16.4342560771557	3.44448315539503	8.87400927495459	5.99324227181519
ENSG00000203875.4	true	ENSG00000203875	56.5623790325348	20.9789798501215	8.2290304935533	15.6877436853346	7.19568240020094	6.85346788007139	9.22374856234239	20.2831701997708	6.03241036326231	44.1046217181936	79.1465724384215	13.6660111435206	5.13987981535924	8.05755716567674	6.0552803101896
ENSG00000204054.5	rest	ENSG00000204054	63.4887255897497	20.6675660647103	10.1496777226821	13.5658954950332	7.22513049343992	7.29241009680145	10.0675945206432	20.7765781699362	5.02114203224993	43.6783317639763	80.3288412878403	16.471366109725	3.49393867657649	8.79847161825396	5.93926568706141
ENSG00000204164.5	rest	ENSG00000204164	63.757165760319	20.479241968898	9.77847046505052	13.6993671887008	7.16521847638065	7.12287453752638	10.1144067834366	20.7954725809098	5.1553226652206	44.070405110389	80.3078944764785	16.3876569406044	3.41440742436315	8.86828142612318	5.94347696578828
ENSG00000204272.5	rest	ENSG00000204272	62.0539073574473	20.3219226842782	10.2806953100908	12.8880511421676	7.20491039263736	6.62840387993201	9.81454925790343	20.691665105377	5.54054123029063	43.517886374556	80.3420524630541	15.8632110813887	3.43108791174977	9.11025701658024	6.22699147558694
ENSG00000204623.4	rest	ENSG00000204623	64.1571222767009	20.6563319949529	9.76937171022554	13.6993633659709	7.22842157085048	7.1435250699922	9.92641450001217	20.6891141042726	5.39248962027668	43.819545374681	80.4449984135643	16.4507172040589	3.4751382004235	8.81830574133369	5.95656650541296
ENSG00000205662.2	rest	ENSG00000205662	63.5866288192961	20.7403723672117	9.49147741776468	13.6082296848141	7.09299789938022	6.31516401202838	10.332386138055	20.5806285736713	5.57193762813331	43.7870322816999	80.2670378182371	16.4564892834883	3.1583018693622	8.57921440718183	6.25054915597931
ENSG00000205663.4	rest	ENSG00000205663	62.2583068188574	20.7534862182173	8.9492651007109	13.7305996388978	6.64506695323329	5.00233873967392	10.3134286732449	20.3763904321336	5.66271647624065	43.9345346514383	80.2116010809269	16.499043990204	2.88487935516879	8.25843485733915	6.77076791679062
ENSG00000205861.7	rest	ENSG00000205861	64.3610113099255	20.6142061633177	10.1550306488085	13.3361013112016	7.27907433224849	7.06117693545393	9.7736442558193	20.7260686175934	5.60039718854339	43.6340916000968	79.9935506149956	16.4295271725854	3.39900749729579	8.63549501559558	5.8269362806895
ENSG00000212978.4	rest	ENSG00000212978	63.3393479625554	20.6202015896532	10.2846046877048	13.1297000007595	7.04592175494385	6.57911860376952	9.74589465200569	20.6913772668056	5.46335824290261	43.5425046901718	79.9633922724702	16.2982586615384	3.61692893369388	8.88358540868065	5.80302985559589
ENSG00000214049.3	true	ENSG00000214049	63.5227183812467	21.0301417402966	8.79431408118001	16.0222619724244	6.8568525899011	7.11612690318345	9.65246210555049	21.9691008436953	4.87225801129817	42.6800956077189	80.516209356796	17.2003798585888	3.41222449145914	8.92874693335244	5.97479675020875
ENSG00000214548.7	true	ENSG00000214548	61.5727800910325	20.6671838253935	11.0981651069796	12.9323877999963	8.32914220192068	8.03941700551927	8.81980627885277	19.6861570244106	5.12659818284483	43.7354665405765	80.6570927550812	16.5458098686537	2.82756877305231	9.23741234930873	5.73254946513375
ENSG00000214719.4	rest	ENSG00000214719	63.5593006012485	20.3539104809095	10.0803191853386	13.1786068447177	7.23957087795844	7.05190448240044	9.88633378026583	20.779017497126	4.96413425008384	43.9774769414488	80.070809681957	16.2215739050805	3.48581719305958	8.92119614390247	5.89348157933282
ENSG00000215417.4	true	ENSG00000215417	64.0386349191211	20.8839028326062	8.94823656904637	15.1472957707359	7.24713826587682	7.00534971777041	9.81969426783007	20.5995824679335	5.45495354352139	43.7492658460384	80.2994262220631	16.4724129992904	3.45519374897392	8.89975526950188	5.94776486978327
ENSG00000215447.3	rest	ENSG00000215447	63.5137777719187	20.5557619031602	10.2315711803575	13.2858818828464	7.29000712074359	7.25795712809733	10.2257128237135	20.5858405293476	5.43046476370556	43.8177481971672	80.2888309553643	16.5225319032705	3.58086459507888	8.9892079377162	6.04640475275796
ENSG00000215908.4	rest	ENSG00000215908	63.7165336957194	20.4538106418574	9.81077849787468	13.7684712745168	7.20020055704779	7.09682920571079	10.0368132969963	20.4703456877147	4.74570699321835	44.15285415914	80.1662677783797	16.5135310758258	3.37871403111156	8.81440473040444	5.96236256180069
ENSG00000219481.3	rest	ENSG00000219481	61.9329090214288	20.6218174955721	10.3652763528418	13.548298060282	7.01402645452254	7.84339613845951	10.16598675911	20.4651916806213	5.0630864236561	44.081177753995	80.6192443309842	16.3631750925469	3.16645744430027	8.83241468322892	5.92463097415522
ENSG00000222041.5	rest	ENSG00000222041	58.4684846037894	21.0422971047803	10.6144674782405	14.3733344761576	8.6507865511324	7.85095780695745	8.27474772409924	20.1052760546219	5.45298172761369	44.947187052301	81.7360011691723	17.0673980548261	3.37089067939722	9.1847690338124	6.26182779929253
ENSG00000223380.3	rest	ENSG00000223380	54.4413994022187	21.3104696524366	11.2847781678693	12.3628935077505	8.70089662639753	9.2556640587716	8.2934185517994	20.7674921809584	8.09171214010436	42.6591515913665	77.5912249380438	17.8476276433791	3.7373036546349	8.42824962419507	5.94864584529395
ENSG00000223414.1	rest	ENSG00000223414	64.2032910560348	20.6150219731938	10.0445541136988	13.5639601928082	6.92795837781721	7.22027881641957	9.74616449824286	21.8739581366631	4.9348003333414	43.0100012665552	80.5872556968538	16.2383762806265	3.32150978823368	8.8598966003349	6.01918896650785
ENSG00000223477.1	rest	ENSG00000223477	64.4508440881226	20.6228258620811	10.1076167794576	13.4007077189089	7.15353617544018	6.96019101215981	9.83437178824455	20.9116377599614	5.35337269915769	43.7282118517582	80.4313381740754	15.9336409240747	3.40207999838127	8.84762027036395	5.93713392755796
ENSG00000223478.1	rest	ENSG00000223478	62.98343243161	20.5404963795561	9.47537665853669	13.3289596281147	6.3050872773128	7.06271502848542	9.91131234980653	21.0310220489767	5.30911518261526	43.4279540575686	80.3872383410171	16.1680323232379	3.26204047290195	8.77843005668418	5.9558736710719
ENSG00000223482.1	rest	ENSG00000223482	62.7337644020958	20.6164512387589	9.84193722848572	13.5379894387886	7.1836912144058	6.70559666816997	9.56296912602332	20.3480646559945	5.24421120628222	43.7282741833583	80.1467322036442	16.3996175826767	3.70229180282283	8.61913122177092	5.75287063761541
ENSG00000223573.1	true	ENSG00000223573	64.474971825403	20.5736650795854	10.122551175178	13.3922355227699	6.73696374733696	6.98350743567508	9.85005157614002	20.6533406417837	5.4941653506423	43.7756592536793	80.3862405291977	16.425314165508	3.43521618246289	8.86291222070531	5.9603869127764
ENSG00000223745.1	rest	ENSG00000223745	64.1146990814662	20.7996451525686	9.5399589138071	13.5210941599702	7.25168341800635	7.05417075663324	10.142230743414	20.6591820456736	5.37920251983403	43.8345468994313	80.3770214451448	16.385294566007	3.43443332055506	8.87288799931791	5.96762590578896
ENSG00000223768.1	rest	ENSG00000223768	63.5187796395974	20.5268479218726	10.1752618526843	13.3463314608617	7.11832727810047	7.37583810099222	10.1843984691411	20.629702957173	5.35596471090263	43.7422278842729	80.1796391488493	16.5089434079102	3.3663869280067	8.93931197809059	6.00491449439059
ENSG00000223808.1	rest	ENSG00000223808	64.6204213376165	20.5892458596609	10.1165610656163	13.41017171173	6.87871307706295	7.17688359986861	9.88192974241393	20.6214278825828	5.48300683289996	43.7833517974234	80.3581392200779	16.4047841156135	3.44534470181716	8.85759390206104	5.95890485729645
ENSG00000223812.1	rest	ENSG00000223812	64.5824843666291	20.6710994595327	9.95381933448561	13.6670598381945	7.23690486007229	7.0070889698396	9.91852558184818	20.6616961268171	5.42213136480309	43.7754279701514	80.3335675874678	16.4154595212283	3.44386306640806	8.86369779085144	5.95420377666575
ENSG00000223959.3	rest	ENSG00000223959	61.9077128771166	19.2296603434165	9.64583235380986	13.5337696366463	5.52284911160357	7.05313226328534	9.64289212868887	19.2670073114741	3.75115630665943	43.4524541711139	80.0048533392673	16.3840412530325	3.22941991359596	8.80791703057025	6.01785063459582
ENSG00000224032.2	true	ENSG00000224032	62.7128331872829	19.2859080247759	9.43904030791746	13.4705377349722	7.4783118922913	7.53203185737888	9.73128735954047	20.7107716147482	5.20373841986831	44.2424939818374	80.9641871765236	16.2340162618361	3.52021075959956	8.87326271687215	5.96951771149767
ENSG00000224093.1	rest	ENSG00000224093	64.6040509846153	20.6048945088838	10.1065889537387	13.4062806236964	7.1606314397383	7.06199459948776	9.88030265838106	20.8677766483359	5.15204425478895	44.1518589071769	80.1125628257337	16.4639017961368	3.43638322690083	8.86085074922418	5.97273339643374
ENSG00000224115.1	rest	ENSG00000224115	64.4329384026846	20.6300079243762	10.0906415155041	13.4337800628707	7.19842851749997	7.09329337396193	9.83072211491571	20.9932947005392	5.31364326908389	43.7696193642209	80.4518334512972	15.4521218715358	3.38717306454476	8.83501230752487	5.9259861393982
ENSG00000224137.1	rest	ENSG00000224137	64.5174308775594	21.1108294402436	8.83487557069739	12.6219053602243	7.16990954355256	7.16358852669789	9.63197022570244	20.6522405544937	5.37670981297323	43.7976743192324	80.3646741560759	16.4416370075836	3.45638162689213	8.88568984750911	5.96440092272393
ENSG00000224189.1	rest	ENSG00000224189	64.41468376837	20.5791050542709	10.1395565470945	13.3888041404312	7.11519527898281	7.12324008786697	9.98554457739848	20.8182391667082	4.6871206607245	44.417372880473	79.9189752848828	16.4959278389029	3.36676401961109	8.83798553080283	5.98732353386992
ENSG00000224428.2	rest	ENSG00000224428	64.3112880452217	20.5667142981172	10.0543121296801	13.4381902605473	7.07992118130179	6.83709226424963	9.85612638556493	20.6364673525705	5.46375064917764	43.750872375474	80.3020287141853	16.3567083655815	3.40576265424511	8.7846316898436	5.94526834028695
ENSG00000224459.1	rest	ENSG00000224459	64.4293411804576	20.5604352133173	10.1750861758884	13.3760570630024	7.24161641782807	7.09329445204591	9.74687516580286	20.1813219231022	4.7340697612863	43.5567713608722	80.3414110169087	16.3838114227297	3.28682488832252	8.7874564912622	5.96051179479684
ENSG00000224597.3	rest	ENSG00000224597	62.9165373803116	20.6617110307353	10.4439529272298	13.2260710248558	7.24243622686864	6.56696032455906	9.57536188676461	20.4147375175359	5.34038498245292	43.8096654822046	80.3380303435472	16.4428940288252	3.6106118335439	8.81261698084543	5.82495184558772
ENSG00000224738.1	rest	ENSG00000224738	64.1075579294108	20.3903318195439	10.183939858481	13.4630279466295	5.00246439869619	7.99369469284117	10.0349315288302	20.2917080321331	5.81760508675003	43.7908428133721	80.4567395429996	16.4298572072109	3.47246917638298	8.86843108474815	5.9451584588908
ENSG00000224818.1	rest	ENSG00000224818	62.7683964187604	20.6229284621945	10.4732678583726	13.0114496000768	7.04559780615225	6.55976251670081	9.64832679482426	20.6136128070664	5.82725091681142	43.7961074836967	80.049399702569	16.4367641166154	3.98025388925691	9.37211470864862	6.36059971940388
ENSG00000224870.2	rest	ENSG00000224870	63.8113739342178	20.497710504836	9.8180789626561	13.6263743844931	7.22153798091162	6.87843666338669	10.1690158685034	20.690107252452	5.37563783069176	43.7790075547997	80.3492962670667	16.5291494431898	3.51893311170932	8.88076771927059	5.99614746736389
ENSG00000224930.2	rest	ENSG00000224930	64.3801953855254	20.6088492728472	10.1122325596485	13.4517677825149	7.0837701466249	7.08659353820382	9.76976159842018	21.1771923295992	5.19358813726189	43.2902108987065	80.2752141712033	16.612705822724	3.74228201277736	9.09436955683833	6.1106747517099
ENSG00000224959.1	rest	ENSG00000224959	64.451842740146	20.5935657926036	10.130860669404	13.438880431292	7.24673301817066	7.08855800009457	9.77609037653537	20.4044809211975	5.01524918247213	43.6822467285724	80.337612158422	16.3945568827461	3.33209161794653	8.84718101655424	5.96847488720018
ENSG00000225074.2	rest	ENSG00000225074	64.5799272581148	20.601949799818	10.1098840886682	13.4104099771695	7.14714218671898	7.0726025306783	9.88393396593781	20.9194687699446	5.08944767094465	44.2474084194042	80.0605375555599	16.4405700146907	3.43375798627	8.86049898579584	5.97505117229587
ENSG00000225135.1	rest	ENSG00000225135	64.2123922535825	20.7340580574446	9.86163237205731	13.8456092114563	7.24547688957747	7.06722399467995	9.86575547450826	20.6505361943711	5.51248832102259	43.7752399519973	80.22827378449	16.4350250729449	3.40610741191866	8.86578261219044	5.92664915313329
ENSG00000225151.4	rest	ENSG00000225151	63.3398112449773	19.5637048807202	9.46325023484722	13.2606536969001	6.96958568562484	7.01083126601535	10.3085070232813	20.7772406685605	5.15570802570066	43.8998553826991	80.3748033314961	16.2063557615686	3.31385141119113	9.04923965780274	5.98698448024325
ENSG00000225210.1	rest	ENSG00000225210	63.666197698445	20.7053107327755	9.87091272383608	13.7680476836112	6.55003115624483	7.4162542033378	10.9928942441081	21.3838530185276	4.7879783186092	44.3856291263944	79.8956275746745	16.2189312586451	3.37426640875084	8.83737693794395	6.01465495119664
ENSG00000225241.2	rest	ENSG00000225241	62.9885932018061	20.7243720540626	10.2377896547556	13.2296488537175	7.17356176605145	6.69877016592182	9.60191279020852	20.7050074778687	5.75700598513769	43.7301777323094	79.8496352177431	16.4493524360317	3.23143702856702	8.73212510098036	5.9368910472228
ENSG00000225733.1	rest	ENSG00000225733	58.5755046237411	20.4864764969066	9.78951387141672	13.6770994817269	6.63709149695704	7.50943543099145	9.67497260033023	20.7158928906215	5.44902753343536	42.9122844224694	79.2522604390437	16.4507339116156	3.43451464097754	8.52196862403886	5.86326827740446
ENSG00000225746.2	rest	ENSG00000225746	64.5381119658432	20.6183357010397	10.1423764173123	13.3818384624029	7.2646532099157	7.07355167379534	9.80262379021498	20.6521492464438	5.39137307327014	43.7483336239723	80.3314798685251	16.4203216329372	3.38511199374551	8.87304089970013	5.93061707023404
ENSG00000225760.1	rest	ENSG00000225760	64.1656313245372	20.5008622234106	9.83378095700897	13.75530797704	7.23682513612467	6.98343448861649	9.83555379465812	20.5171426991229	5.25378132312167	43.7834160619149	80.2899327879589	16.4296840475377	3.42286751455594	8.84041294381296	5.96471203306613
ENSG00000225791.1	rest	ENSG00000225791	63.6250467421534	20.6128712931289	10.1479414815975	13.3213981338806	7.36097843891103	7.25531618491646	10.0103500890349	20.7432506632302	5.52077213600069	43.8222611251217	80.2356611539712	16.4715015533179	3.63156733406313	8.88601251586826	6.01083470231247
ENSG00000225873.1	rest	ENSG00000225873	64.5549754551155	20.685706696445	9.90025336170543	13.7485879717029	7.22977277780557	7.01814117542579	9.87860136943327	20.6699947569019	5.372747736109	43.8521688019292	80.2854960517986	16.4256490236894	3.44500551500372	8.86524365321061	5.95465910698438
ENSG00000225973.2	rest	ENSG00000225973	62.318557819564	20.6778177434156	9.79396273516446	13.8352574684149	7.16466847565731	7.37044385963801	9.73225333670547	21.1006906836601	5.33097281483568	43.5913968636607	80.1068116962188	16.218629414345	3.52298621647462	8.87481660018029	5.85219982914146
ENSG00000226007.1	rest	ENSG00000226007	64.4666967805588	20.6295252847517	10.0539008477012	13.3637346689161	7.16813131105002	7.07013998264786	9.84865505112638	20.7890746598327	5.30466228640171	43.7322536902418	80.4016959616048	15.8927359160349	3.40001920218725	8.84819010367759	5.91937374406786
ENSG00000226198.1	rest	ENSG00000226198	64.4567711929367	20.629258319481	10.0882134715867	13.4374711048843	7.19943832975741	7.08618022371253	9.83315806316537	20.9610882585671	5.31924597608307	43.7761763502905	80.4342798061028	15.5636807413571	3.39376752891602	8.83851361943412	5.93022170906204
ENSG00000226363.1	rest	ENSG00000226363	64.2958832493468	20.5251276065439	10.2159738084053	13.3617921882912	7.24400078214503	7.13654888386141	9.68893948909972	19.8596662620213	4.37253698083863	43.4043379184752	80.3603178034307	16.365032627541	3.19085920871313	8.74352614043939	5.96055546435019
ENSG00000226381.1	rest	ENSG00000226381	64.2448458397128	20.5505033415161	9.91931538519886	13.5153762641269	7.25245969500919	7.04344165807073	9.76519211748954	20.6167776169018	5.36507800443738	43.7881789011385	80.3675910653858	16.4077645253131	3.51009092352805	8.90527763956152	6.01244137025214
ENSG00000226453.1	rest	ENSG00000226453	64.5169194128976	20.5887407880178	10.0494330742807	13.4495441155158	7.0993117965963	7.07454862763299	9.88511011593192	20.8843868887238	5.11854555631149	44.2620085119919	80.0464837366158	16.4865172319564	3.44447059761649	8.86390033235247	5.99266086565772
ENSG00000226752.1	rest	ENSG00000226752	63.9787270991887	20.6616032210256	9.78992824292711	13.7700016754691	6.91976241874423	7.27256986867611	9.91044588503878	20.7984440062542	5.36010082738636	43.650896922421	80.4066256364235	16.4783250504477	3.4061244563641	8.91152595276149	6.00275297880902
ENSG00000226779.1	rest	ENSG00000226779	64.2245361867091	22.0270152010519	6.49793879659491	11.176963254448	7.08928303623993	7.42405079590287	9.22933325489839	20.5531497659283	5.32828264624737	43.8665548716973	80.4084531166144	16.5064693190367	3.48218472501402	8.93628426545112	5.97814850613833
ENSG00000226900.1	rest	ENSG00000226900	64.484099038461	20.5612478019093	10.1094401542788	13.3831087922181	7.20905416061321	7.09825922886964	9.97132697399691	20.8646364516727	5.18938402732115	44.1638378632922	80.1703563186041	16.4953619330782	3.45841322999267	8.834559713187	5.96300474535066
ENSG00000226950.2	true	ENSG00000226950	53.0032930847282	1	1.22209144094582	14.3955659732158	7.72497610563368	6.1575675090056	8.0807435070115	17.2235379988767	1	43.3377169052351	79.364501262958	17.4143106760273	2.24635019229833	9.53203900117481	5.99613311077168
ENSG00000227036.1	rest	ENSG00000227036	63.6248129636283	20.6294286710847	10.190821867081	13.1995237494797	6.67299520929517	6.03733216037306	9.75095519832035	20.9376642652275	5.4123752040808	44.1281505109028	80.4352907967129	15.8731902897565	3.34825138131722	8.93349214410472	6.02418070317318
ENSG00000227280.1	rest	ENSG00000227280	63.5238958067761	20.539917675566	10.061619827667	13.4885226428849	7.41448083291148	7.08445528470689	10.2305671952279	20.5817177057389	5.52049880915394	43.8630361896754	80.4041124160145	16.4558607544791	3.60781926043616	8.95954264540613	6.05695092181743
ENSG00000227502.1	rest	ENSG00000227502	64.571054062883	20.8144885026864	9.58484670403193	13.0836418872194	7.17518455829659	7.09921657555812	9.76967028882781	20.7536179130273	5.28592033291469	43.9284025577198	80.2595617090708	16.4121731705683	3.44946304708589	8.87277600993846	5.96906726561509
ENSG00000227627.1	rest	ENSG00000227627	64.2524674108646	20.6564623750564	9.68498386400014	13.7609963390939	7.198223454958	7.08092565014729	9.89599144926087	20.7082229428419	5.42112018046542	43.80606300647	80.3017742525059	16.424428428828	3.4519273411579	8.88254906578958	5.9468481350448
ENSG00000227674.1	rest	ENSG00000227674	64.6141639900752	20.6961477058806	9.88463604275861	13.4007397512533	7.20163584764097	7.04590928011236	9.82306746965332	20.7244317177631	5.36346748859548	43.8155992364324	80.3091933054999	16.4293233052073	3.44448096014027	8.86352014458625	5.95985413409922
ENSG00000227681.1	rest	ENSG00000227681	64.5241259320563	20.6971102776127	9.86641258354342	13.8657743197171	7.22527621135157	7.02239751489124	9.8578917787823	20.6953657053476	5.34470862136062	43.9410168771124	80.2317304889906	16.4374642554894	3.44910017572371	8.87256925305291	5.95775655236947
ENSG00000227932.1	rest	ENSG00000227932	64.5324781441088	20.7166133726301	9.81875461703916	13.9489134109493	7.24950094208017	7.00249880647261	9.84999313264312	20.6193052429104	5.44564106743352	43.7951054539537	80.3186778887519	16.4164121664346	3.45377323180528	8.86891508725902	5.94846219937116
ENSG00000228223.1	rest	ENSG00000228223	64.2298895452284	20.6390148228297	9.89267683209424	13.7031862789459	7.18807837106577	7.12604311027293	9.74654388757695	20.8755789085174	5.38368803138776	43.5973011473083	80.3590066426445	16.4744599402765	3.43496940852659	8.84073808716086	5.95419727021361
ENSG00000228327.2	rest	ENSG00000228327	64.1430775248625	20.5734023359229	9.86084353035678	13.7145699149116	7.02145862922863	7.01128420020474	9.93152964091478	20.6424626586489	5.38664609677762	43.9208658687925	80.286702138127	16.4013884271134	3.43161426321121	8.86786116118136	5.99036058030941
ENSG00000228474.1	rest	ENSG00000228474	29.9874526756285	17.2110232524388	14.053472709438	7.93339551682315	11.2882939727652	3.35879121735505	7.73870088043191	12.2462495577978	4.01110417691713	41.6572629169972	73.8565434774008	19.1318619874914	4.30252931602433	2.70963470338983	1.0764643364676
ENSG00000228576.1	rest	ENSG00000228576	62.3447075167097	20.309614972137	10.5366955002371	13.25567173286	7.72666681519637	7.67534597320973	9.18982861553514	21.5307676576047	5.36555926880147	43.701683071284	81.7381471579517	17.4205700258345	3.89846115917369	8.1846828284185	5.95561843931747
ENSG00000228682.2	rest	ENSG00000228682	64.6343067417053	20.7363802247156	9.78537357986478	13.2103964019432	7.20244196603466	7.05837897714765	9.79635356529617	20.6943134308196	5.39253551263246	43.7748978291134	80.3433094812495	16.4157147299573	3.44684950069014	8.86573295272437	5.95970551469672
ENSG00000228709.1	rest	ENSG00000228709	64.3951277079336	20.1010344964586	9.90829672769109	13.3451489994238	7.24449155688013	7.05149736916751	10.2396761197742	20.8597982188351	5.12528288231233	44.1265423317151	80.1324025274337	16.4178043124527	3.3929972758733	8.85056108675343	5.97713629911698
ENSG00000228989.1	rest	ENSG00000228989	62.8433253749227	20.291519791556	9.78960807937055	13.4762503287687	7.21232545314284	7.42210604948324	10.0993707795703	20.9193813681804	4.48175725708762	44.6894194563336	80.3672108976832	16.6708411851045	3.29477240575877	8.79899396650482	5.92749199893183
ENSG00000229124.1	rest	ENSG00000229124	64.3798474344833	20.7044229999064	9.82429853670381	13.566681618155	7.1249530759584	6.94528790427075	9.7951503966199	20.65471845519	5.46075512657413	43.7684145603293	80.3282830886239	16.4212444021618	3.45875051503971	8.86948781776996	5.95297995543779
ENSG00000229152.1	rest	ENSG00000229152	64.4647402493417	20.7464461365811	9.67877737751818	13.4452409823167	7.19770815084098	7.08484303376492	9.81986429657914	20.7801409005465	5.35991238328695	43.7332471248857	80.3465740778431	16.4543935510638	3.42042130978432	8.90050699789317	5.98092334036637
ENSG00000229205.1	rest	ENSG00000229205	64.5046295991982	20.7340764355024	9.76931288119812	14.0467103312428	7.25605393529356	6.99975732166642	9.84671143729575	20.5976608414084	5.44579535356919	43.7988407512202	80.3146071377433	16.4177530555621	3.45406429673374	8.86996917164651	5.94696480366681
ENSG00000229308.1	rest	ENSG00000229308	64.2668642593391	20.5206647929828	10.2281565445023	13.3583068873443	7.26423346455308	7.13996525642825	9.66089308218207	19.784303508661	4.2709321662708	43.3691735441701	80.3610627596139	16.3597581166032	3.16712546504701	8.73183659282764	5.9619773109718
ENSG00000229656.2	rest	ENSG00000229656	64.3353235994864	20.6260331556975	10.1224031175054	13.3795756230781	7.11343462160632	6.81506607578878	9.79489964327686	20.9229846894646	5.36933191023646	43.7715677770742	80.4375182802769	15.7407630961406	3.36673215693868	8.79547584487677	6.01327107640254
ENSG00000229807.3	true	ENSG00000229807	62.3421374556338	22.3641138276234	6.12182208066614	12.1246997600727	7.2740700344564	6.3579589746982	12.2811210335009	20.3131296497614	5.61781546535597	43.6220683426088	80.2533447809918	16.758502490348	3.27156277499293	8.81064856949761	5.61485752818229
ENSG00000229874.1	rest	ENSG00000229874	61.7851798459341	19.821517672853	10.2782498517494	13.0947709557632	7.39712622313326	7.0071398020992	9.861745285452	19.5601592863606	4.10305162202842	43.5023494953428	80.4251261705237	16.4676038427252	3.32255594094739	8.90819407280438	6.01152745815076
ENSG00000229953.1	rest	ENSG00000229953	63.5203262817883	20.812460942602	9.55076046612846	14.3184935782947	6.98032225984438	7.09483612599409	10.5353596410446	21.1805048607067	4.49468162025418	44.2694131218582	79.8277266222898	16.4378008636885	3.65173211441848	9.17066236048959	5.85477825880924
ENSG00000230074.1	rest	ENSG00000230074	63.7796780222479	20.682986457952	10.0602166545979	13.5977114296566	7.23226746243633	6.73077820189813	9.8565991154777	20.6683896968214	5.63690881464199	43.8851499830071	80.426779041192	16.4108668682673	3.38336571223496	8.91171240045446	5.99945882576604
ENSG00000230257.1	rest	ENSG00000230257	64.3919832241039	20.7784395927158	9.62979453806444	14.3361660974436	7.28003457276633	6.99908878539938	9.83064012452861	20.4761443897343	5.37603432949673	43.7840332620137	80.3026009457955	16.4176472226148	3.43993589068343	8.86823633434623	5.94513281102571
ENSG00000230724.3	rest	ENSG00000230724	63.9979438613186	20.0483901314134	9.61281512676324	13.7786072062019	7.04137656709663	6.89009093757932	10.0051568084377	20.3204613985939	5.19090592508603	43.792359419259	80.3288864863998	16.4221733365374	3.31897178444497	8.78702005074615	6.06129798251532
ENSG00000230910.1	rest	ENSG00000230910	64.3856411622291	20.6754211885449	10.0171372419751	13.3503942740041	7.31782580824769	6.96782418024488	10.8120830711662	20.6768343115166	5.38938396266131	43.6980951929055	80.4079718458664	16.4559963882738	3.3913360281742	8.86993073481147	5.96108370826823
ENSG00000230937.3	rest	ENSG00000230937	61.7627399749099	20.500064943928	10.4238095556443	12.6491010053024	4.92199514874702	1	8.84894976253415	20.512954380863	5.93744849642318	44.2567104877148	80.7896376021639	16.6954631655174	3.30735684624027	9.27679477447172	5.36391963208616
ENSG00000230952.1	rest	ENSG00000230952	64.4773886632019	20.5825927938697	10.1268407457066	13.4155486112072	7.06159338500079	7.13295086532368	9.93091622296631	21.1746569963559	4.68433211998678	44.887122247691	79.6794848025851	16.5775195884942	3.42724764023179	8.86546325123833	6.00259179202805
ENSG00000231106.1	rest	ENSG00000231106	64.347892105595	20.6495000293053	10.1888823394029	13.3292771440423	7.33532007530679	7.12948828271312	9.77401028230636	20.7078587778167	5.6710744948756	43.5942841071952	79.8331036311667	16.4313532311175	3.35564584086245	8.46246990302136	5.74552798509739
ENSG00000231216.1	rest	ENSG00000231216	64.6625661906381	20.6251613878963	10.072222931542	13.4462443780715	7.21655356478806	7.02158167396621	9.85103050902631	20.6984290637776	5.40628621213306	43.7633011436724	80.3396473070841	16.4077298648684	3.44322428497544	8.85934507129052	5.95630181836125
ENSG00000231698.1	rest	ENSG00000231698	64.4411861863536	18.2856752439026	9.25677098161616	13.3155970935422	7.43612382746274	7.04490483369068	9.8669097634488	20.7253665979099	5.57439709867673	43.7906537270543	80.3274323467922	16.4183298642318	3.42093278095048	8.86822633006805	5.96777086388333
ENSG00000231789.1	rest	ENSG00000231789	63.833556813932	19.8512932693091	9.65018926701231	13.6204243626006	7.49551899058286	7.16651802504882	10.1920571264502	20.7632461760772	5.40198928371711	44.1306663074909	80.3416914551642	16.4239550224016	3.52136917762929	9.03211777159509	5.9887348171334
ENSG00000232093.1	rest	ENSG00000232093	64.1365041538918	20.5034210281532	9.86996950480737	13.7512686985723	6.93579481908326	7.0164461620258	9.79690422672387	21.1950907878736	5.08588137856181	43.3310887030947	80.4331116577985	16.5390137870863	3.44774962272051	8.92392493565046	5.89103307618893
ENSG00000232151.3	rest	ENSG00000232151	64.114090827289	20.591995343685	9.84709423702795	13.2141684082973	7.09558680773244	6.91735233991932	9.79706610794389	20.7254170023999	5.52589644796066	43.806893469632	80.3116538011102	16.3372039662972	3.39039100713147	8.9457715622939	5.92916983168027
ENSG00000232271.1	rest	ENSG00000232271	64.4701432868418	21.2576030787808	8.46062292901098	12.3903362511528	7.15707873009281	7.20536432591501	9.56742776290833	20.636228850591	5.36899560359544	43.8083593416384	80.3710408170886	16.4518861613754	3.46161294852339	8.89455577651857	5.96733615956966
ENSG00000232274.1	rest	ENSG00000232274	64.3380755761487	20.6605120986813	10.0333011673598	13.4186074436599	7.17712836370044	7.09413191973468	10.2050023439305	20.9673252024809	5.20308414094629	43.9825506692058	80.2851947914257	15.834716929551	3.38015170844275	8.84856879719282	5.94282079150875
ENSG00000232301.1	rest	ENSG00000232301	64.5753379095646	19.6190503777174	9.73834194314303	13.3656563724719	7.30887069488839	7.03226456040843	9.85702735161942	20.714648929324	5.47660200973388	43.7735791076482	80.3354167002206	16.411239755808	3.43338408670822	8.86254267756803	5.96155360799182
ENSG00000232324.1	rest	ENSG00000232324	64.6191748655959	20.6145387770133	10.0990836928926	13.4102731126125	7.19241503688581	7.04498888902709	9.85097051891881	20.8083986227916	5.32484556826863	43.8252222824797	80.3125580152302	16.3030134020735	3.43301290996326	8.85467963327797	5.95821768321937
ENSG00000232388.1	rest	ENSG00000232388	58.2458869459799	20.4103863705027	9.85038226814654	12.7219293847291	7.19877278555859	7.18267157034217	9.73051028977446	21.4007107945682	5.28663147629076	45.2421927163609	80.2430260258871	15.8263294871993	3.78322067753553	8.40718694010593	5.77511552811437
ENSG00000232445.1	rest	ENSG00000232445	64.1959048783042	20.2123510193655	9.86627695318882	13.4618360361743	6.86957555094085	6.6987093283586	9.76412951333745	20.9787227119352	5.34352241967614	43.6771405218492	80.3956973561379	16.3629975814305	3.41215457600985	8.91182946511956	5.86785715740049
ENSG00000232527.3	rest	ENSG00000232527	63.070985605619	20.6948971635269	10.3184051957214	13.1353604922162	7.1971064817013	6.48240156242322	9.72920876228734	20.5419215101655	5.43919788332213	44.0025174911368	80.2377398160254	16.3958860812629	3.44913045452408	8.84158975816559	6.37348851558627
ENSG00000232533.1	rest	ENSG00000232533	60.1670993147857	20.8037075633999	10.2555389412002	12.6221829845829	8.32116716278088	6.95579377053829	14.8890649335931	20.3531670588465	5.35299034295027	43.5501357032003	80.7870342801149	16.7904505660285	3.45024018349924	9.0306403977128	5.97524772493842
ENSG00000232755.1	rest	ENSG00000232755	64.5790711627597	20.6142886609333	10.0910445754401	13.396116250838	7.17711650538017	7.05585230569422	9.8657034272781	20.790214804302	5.24047688315448	43.9787565407634	80.2000649128494	16.4157713265654	3.4510547797229	8.86700730487432	5.95416315087755
ENSG00000232774.2	rest	ENSG00000232774	62.6820847315889	20.6379915185132	10.7340897320689	12.9802348663834	7.7214448791841	7.43717381877685	9.5617191222539	20.2560571844197	5.60379347779499	42.3492783359687	77.9263244447764	16.0092721995297	8.35275151245656	12.0119083080202	9.0865836787088
ENSG00000233016.1	rest	ENSG00000233016	62.5538180439763	19.579388286749	10.0172345585988	13.3086448322403	6.98647476882458	7.23299538717293	9.451622358749	19.6926431768333	3.89197139639501	43.5599828147828	80.4208952367803	16.3819086334641	3.43326805170151	8.89259589677014	5.93393633941005
ENSG00000233098.2	rest	ENSG00000233098	64.4946284648849	20.5142198641928	9.98313734457837	13.4625457421598	7.26155740481151	7.01832494693893	10.2025177333033	20.7289785887853	5.34361943540024	43.8577136286694	80.2834784971432	16.4432530993516	3.43093969826537	8.86577360070226	5.9659043729534
ENSG00000233137.1	rest	ENSG00000233137	63.1400880856934	20.6613365701559	9.57060603159768	13.2061775319674	7.05863137503038	7.20942239706044	9.82101669034341	20.8656476282381	5.47213829324241	43.5835250806302	80.0255279395438	16.3409098721306	3.39849857106835	8.78719438762874	5.92755945734927
ENSG00000233236.1	rest	ENSG00000233236	64.5642513583073	20.754354087411	9.73089055041673	13.6123286159363	7.22844676912533	7.03260263148354	9.81461816829641	20.6449287767607	5.42478492639521	43.7874335293306	80.3311464213313	16.4180050516257	3.45159740374792	8.86900454932195	5.95295350795441
ENSG00000234147.1	rest	ENSG00000234147	64.2527136961533	20.856651582492	9.43932787891518	13.9788523721443	7.18465262253931	7.08817798064314	9.95632334986626	20.8783735873957	5.16312396910793	44.0558105101004	80.102268875678	16.5616221040263	3.44212292971108	8.85922991564253	5.96435894750284
ENSG00000234160.1	rest	ENSG00000234160	64.0609091436178	20.6353005608892	9.86565747187144	13.6047222159142	7.14505620961685	6.89667331867907	9.77043976390343	20.87286557454	5.36160574495848	43.6987950610075	80.3068262256708	16.4167933239299	3.4683514680263	8.90708836960241	5.9881453114549
ENSG00000234327.1	rest	ENSG00000234327	62.8484172136173	20.7884878948916	8.76817394853668	13.9768964669987	7.09892998589983	7.19784672066395	9.73688407082918	21.0062803917051	5.14258697940049	43.3687562441349	80.1735430974555	16.3630706546998	3.72798445233111	9.06063349021617	6.02113800336177
ENSG00000234431.2	rest	ENSG00000234431	63.3458680910684	20.7317669705326	9.83934708746861	13.2123240344905	7.084574544458	6.63370831273198	9.52399002668189	19.9962464550459	4.7443489835051	43.5963789652627	80.0624249111072	16.39597819257	3.54366913044195	8.87848343447547	6.20163767808944
ENSG00000234449.1	rest	ENSG00000234449	62.4903358330972	20.603790278692	9.13790705479754	13.6670411785589	6.62722819273352	4.96988897867079	10.0404576412828	20.3946073244913	5.72975242273269	43.8810697567135	80.2371075803301	16.53446737116	2.92556713641435	8.38503635597831	6.73339933391986
ENSG00000234456.2	rest	ENSG00000234456	63.0646565842239	20.7106223644797	10.5292542445129	13.0863591685145	7.7722745697468	7.47603993964032	9.88445848922191	20.4985604334115	5.7318521828625	43.6555867211715	79.4306853736671	16.639949505063	3.04899212248413	8.33959209740451	5.67797157799275
ENSG00000234722.2	rest	ENSG00000234722	64.4731685548603	20.7588030094851	9.7019419619262	14.1764867346492	7.26429516825825	6.99430772192647	9.84733504575398	20.5832675052206	5.4637865988578	43.8095115602745	80.3085055508805	16.4203738355797	3.45850391701739	8.87290891105127	5.9446840934091
ENSG00000234741.2	true	ENSG00000234741	60.503064907803	20.1727199334774	8.69969312240175	14.7630333022441	6.51523666519874	6.81915358881461	9.7549451414928	21.3508607413801	4.85226403488397	43.4548803867421	80.4633835239521	15.799518572328	3.29106370973977	8.98235737296052	5.9029850666324
ENSG00000234883.1	true	ENSG00000234883	63.4181470609258	24.2008983385675	1	7.73447026468249	6.94431273650417	8.08399864499341	8.23574798080252	20.2877981727024	5.24575912878686	44.0107804825812	80.4573237451416	16.6761277370344	3.42952859783033	9.11649080365198	6.01469304867596
ENSG00000234978.1	rest	ENSG00000234978	64.1997447995713	20.8366797112334	9.54936423540734	14.3120900248075	7.22619146086189	7.00430244427438	10.0032320905545	20.5750298776094	5.50203656710222	43.7890127751791	80.2710444035188	16.3815464582183	3.46310557941322	8.92728113389	5.95516797875392
ENSG00000235106.1	rest	ENSG00000235106	62.7254948190464	20.447953525998	10.3282390350351	13.0841904341094	7.22999153518754	6.91300916538964	10.021009174972	20.5259919025412	5.69648907894318	43.6606033039081	80.1370508373717	16.544694981483	3.60498615657583	8.82426814811934	5.86965394834835
ENSG00000235123.1	true	ENSG00000235123	63.6530016224898	20.1278327679844	10.4361052646448	13.5355357460415	1	9.87958337617877	10.4499662273401	19.141022055948	6.88799699108273	44.1821523561253	80.6536676843393	16.3715430342291	3.49383577293765	8.84638400448285	5.99353291031295
ENSG00000235152.1	rest	ENSG00000235152	64.6278927639636	20.1511335425519	9.93085049140722	13.3854134133308	7.25833262996253	7.02756729678298	9.85276188913919	20.7093509298004	5.43726725734078	43.7660411615769	80.337376594416	16.4090454031684	3.43794594518773	8.85926210797773	5.95860906149075
ENSG00000235162.2	rest	ENSG00000235162	29.9990394680974	22.9561425751935	16.6002200742153	5.97279117437094	16.2563024122371	12.9794667208259	1.35726274944158	21.6067976868222	16.4155434693847	48.8007349622133	84.9645802795886	19.1640782049853	7.54054123488191	1	1
ENSG00000235335.2	rest	ENSG00000235335	63.8915853272389	21.16934753956	8.56329938616343	16.4003279123501	7.40964444419635	6.91205781902119	9.84236887568018	20.2320603159777	5.63643363090331	43.9532397378504	80.2151042918848	16.46019015451	3.50444384550508	8.91657424267783	5.91030926318048
ENSG00000235385.1	rest	ENSG00000235385	64.5216555868591	20.6493572872688	10.0670521602566	13.3420875650809	7.26194015563957	6.99316007294167	10.3204227908611	20.6882042063572	5.39262299325056	43.7216510429081	80.3631332534448	16.4301159545086	3.41362442207873	8.85659342493701	5.95542900625652
ENSG00000235398.1	rest	ENSG00000235398	63.9934696460393	20.5301828587346	9.73731908321125	13.2111782724265	6.89976630197769	6.67579155322687	9.7308139822921	20.6514518415506	5.59316317974391	43.784313844213	80.2410234524604	16.3840434053956	3.43068140125873	9.06720841430861	5.79484652736071
ENSG00000235576.1	rest	ENSG00000235576	64.1044459656223	22.4037207983783	5.5366959962677	10.5849174740339	7.05590115655439	7.53066620633071	9.06410846591509	20.5121734159491	5.30836789312667	43.8945279878709	80.4255841136814	16.5328760294846	3.49245837773273	8.95735715638306	5.98385689139123
ENSG00000236094.1	rest	ENSG00000236094	64.5857542975551	20.1493823388757	9.9400302071032	13.3760260638097	7.27550289363976	7.04285842538803	9.84516063457529	20.7080781634475	5.45991117852804	43.7579666640545	80.3039146709917	16.4139927793938	3.44208378417078	8.84545177706483	5.95346577702245
ENSG00000236455.1	rest	ENSG00000236455	64.4043785848627	20.6709064787272	9.92119140001759	13.4511599686259	7.22378006845194	7.04520796753523	9.94247964511998	20.6376268946634	5.35397788093493	43.7697837334037	80.3775643391674	16.4057511417444	3.42487248763892	8.85558116177137	5.95764545206574
ENSG00000236537.1	rest	ENSG00000236537	63.8219573617843	20.6680232305644	10.1171755985442	13.3032864327484	7.12415485204631	6.84201448152603	10.0024698926938	20.6794969089255	5.48312203783535	43.7535396754694	80.0157365886337	16.3759814047338	3.73857445678841	9.0589764070995	6.22094461561764
ENSG00000236609.2	rest	ENSG00000236609	63.9844325396752	20.567902309248	10.0711926500078	13.2126058306554	7.4447725958071	7.09570217679922	11.1057781111939	20.7625005636599	5.3103613887376	43.9349003090856	80.3448801955954	16.4910844137419	3.37121789840429	9.0748162948642	6.07091728338577
ENSG00000236618.1	rest	ENSG00000236618	61.7622861925291	19.9869470455443	9.73624122851387	13.307581755208	6.81451762304323	6.93941500985656	10.3050386224707	21.072579938732	5.13204071742858	43.5423958026947	80.1079558249571	15.7006594428465	3.62679133996459	9.2162652790892	6.1100399370446
ENSG00000236673.1	rest	ENSG00000236673	64.5077058920184	18.9483072498899	9.49615939646722	13.3404326117468	7.37305043030603	7.03861810588655	9.8619161196706	20.719724837967	5.52551922049881	43.7819889292396	80.3312234249397	16.4150099986335	3.42712837904889	8.86535035041796	5.96470549162229
ENSG00000236810.1	rest	ENSG00000236810	64.0968366778923	20.6316327457494	9.82988411201797	13.7471929115331	7.1748705653021	6.98941152015635	9.8943536981264	20.8750736243742	5.25877632774884	43.7813412287235	80.3185212840863	16.5457119133246	3.43405716878415	8.86737719172844	5.99021406182738
ENSG00000236933.1	rest	ENSG00000236933	62.788562814612	20.1130261810451	10.2074208502453	13.2636091017808	7.40822831857267	7.1357360482348	9.78839149776546	19.9778080750468	4.4939196814991	43.5377205791217	80.3883096305011	16.433226536415	3.52129469982135	9.01709147984541	5.88163856186955
ENSG00000237125.3	true	ENSG00000237125	64.3027074075344	20.7001094397997	10.0351410350668	13.2896677189225	7.35545669007248	6.96777298979821	11.0399136547516	20.6778712338397	5.38803258206849	43.6934923225367	80.4503095307151	16.4764864567536	3.38413556914029	8.86793179543902	5.96052221151029
ENSG00000237181.1	rest	ENSG00000237181	64.4668623660202	20.8287109378342	9.53576340722175	13.551742160286	7.23815850283324	7.06227566799672	9.79249142693766	20.5455221143505	5.33235215238342	43.7520362875854	80.313364463798	16.4179812806957	3.47020534991566	8.8894431297964	5.97914394230883
ENSG00000237188.1	rest	ENSG00000237188	64.1983250480957	20.6380510472737	10.1239850093678	13.3293970859027	7.07741048399022	7.17007086594609	9.93386300415449	20.7360132146777	5.49097868707345	43.7890114763591	80.1712784623107	16.4223042018545	3.40874611755096	8.8090199441355	5.94302058619846
ENSG00000237298.1	rest	ENSG00000237298	62.8160809649688	20.7043361789938	9.47565682072919	13.3624126028665	7.15238073213463	6.7216959637657	9.88087177054636	20.3475791581168	5.49292351474129	43.6827174590276	80.0152015480262	16.4009534907832	3.39739715703321	8.50770710800681	5.99158697024362
ENSG00000237311.1	rest	ENSG00000237311	64.4625805020159	20.7663836017514	9.68071345226737	14.2190127714584	7.2669315305937	6.99257305281612	9.84738381431981	20.5766080892492	5.46680101936576	43.812356630898	80.3072972286075	16.4210782378787	3.4594661192227	8.8741577396588	5.94425885706361
ENSG00000237372.1	rest	ENSG00000237372	64.6147131934009	20.7384534720296	9.65550537982124	13.1363438286521	7.20391293581948	7.07150901358635	9.77583937743511	20.6872092318996	5.39775346719293	43.7718184229051	80.345411363606	16.4180572453151	3.45407065849651	8.87237646851759	5.96426821814646
ENSG00000237429.1	rest	ENSG00000237429	64.5819330149705	20.6466279267704	9.96184782844791	13.6373838962847	7.22876651875785	7.01986850509708	9.84294802200103	20.6820806015062	5.41788872105264	43.777141518363	80.3116390326843	16.4168617329119	3.46031397850992	8.86821379503905	5.95347334886982
ENSG00000237643.1	rest	ENSG00000237643	62.2013728616398	22.3587673755741	5.25924326080463	22.8529216995336	7.82821042092495	6.66634209968174	9.82245643304383	19.2070756936512	6.13276252165765	44.3649666016035	79.944226639487	16.5729128857084	3.63701373794239	9.04353056725705	5.8075204453786
ENSG00000238060.2	rest	ENSG00000238060	63.9824284017545	20.2005183303077	9.45896856238849	14.341048154496	7.25344500751362	7.10753302958839	9.82465254323673	20.6027521915429	5.02248843071844	43.7593373460127	80.2734822760922	16.3789797698614	3.36476826377227	8.85332463316069	5.96413490959827
ENSG00000238178.1	rest	ENSG00000238178	64.5796123680233	20.688721363061	9.8953264526737	13.6802698848034	7.236161686108	7.01426502584086	9.87661216072531	20.6546954630132	5.42543540470316	43.7792209968904	80.3315303462668	16.4151029264218	3.44743287608298	8.86559747785365	5.95262189016882
ENSG00000238227.1	rest	ENSG00000238227	62.4307091713513	19.9588195604994	10.1352113985931	13.2152739590974	7.1103403615734	6.45695402952043	9.75915414016752	20.2972246777009	5.01421250784082	43.4832607366262	80.3268513447717	16.55929367719	3.7158202751584	8.98425138760824	5.63615306989167
ENSG00000239368.1	rest	ENSG00000239368	64.0841240160906	20.5661800409954	9.74060840014795	13.9409148503045	6.94954456037023	7.01999594005994	9.91868632320818	20.5962897384497	5.40238531766983	43.9989591428581	80.292315050578	16.4105262889285	3.41811923823351	8.85239391511079	6.00721255809111
ENSG00000239906.1	rest	ENSG00000239906	64.2482311987687	20.5829848541747	9.78940898143961	13.8621107526678	7.18669468215526	7.00843554279669	10.0118163486284	20.6179685817577	5.4653256909386	43.8616580868982	80.4641449646268	16.4376088523601	3.46223202268494	8.82517431894257	5.98220985174427
ENSG00000241860.1	rest	ENSG00000241860	64.4244907483134	20.5288804285876	9.86677453400851	13.6656332182853	7.12220424195503	7.03833677739507	9.92374025998826	20.6273329953298	5.41645421505117	43.8099198038129	80.3477321203565	16.4056451410198	3.41834760290384	8.8560795501053	5.97857613341424
ENSG00000244342.1	rest	ENSG00000244342	64.6273392904151	20.140330081451	9.92635373637842	13.3849355751467	7.25896666684395	7.02745243851239	9.85403249239249	20.7098118487793	5.43786412205029	43.766772580569	80.3385171503964	16.4090124333975	3.43809868399942	8.86029157021697	5.95915428640771
ENSG00000244879.1	rest	ENSG00000244879	64.2097627538703	20.6467307311261	9.86568436490411	13.5662384860901	6.92805452758861	7.21556850536368	9.89778779110323	20.8797545168821	5.32874739159084	43.7121482825427	80.3034666637721	16.4493762183876	3.44839771020129	8.90738436988245	6.00689267821643
ENSG00000245532.2	true	ENSG00000245532	55.3376453253529	21.5820618640301	8.68665363561811	13.857663333251	3.808624327622	7.31396857035928	10.9122818758709	24.0009745163728	4.25862617131302	41.4148102554046	82.2812759490154	16.4325006335052	2.58631633643537	8.10326329707774	6.71696894938858
ENSG00000245694.2	true	ENSG00000245694	64.1947817241914	20.6787006087087	9.9551896840478	13.5798265315419	6.99969011987885	7.10297500667912	9.85451607470818	20.806677485953	5.41384896776585	43.6769647233107	80.4259316902117	16.2671308869159	3.64436193619441	8.93433565793872	6.05886564331501
ENSG00000245773.2	rest	ENSG00000245773	63.4761880864453	20.2133071962798	8.59985304776981	14.5289252026585	6.75293382669331	7.1791666694658	9.89426606222278	21.043220178402	5.18183462888045	43.8757765883638	80.2579234801322	16.6686726934462	3.44201815588759	8.93983759451911	5.83480399128855
ENSG00000245867.1	rest	ENSG00000245867	64.5802569462957	20.6714352796104	9.930527443289	13.7098773193826	7.22963182800352	7.01593646089187	9.84729218351867	20.6641085668152	5.42573589106024	43.7759870167545	80.32786297541	16.4115678082277	3.4490334542558	8.86834218228085	5.94955314377189
ENSG00000245910.2	true	ENSG00000245910	58.8695815288668	21.4838643255353	8.28671849066529	14.551823326352	7.05808060721677	8.20748144878961	9.76955551996189	22.2351480216663	5.73146664742602	43.8173851484623	80.8456497696454	15.227640445343	2.77821959673729	8.77138774521013	5.93235028533239
ENSG00000245923.1	rest	ENSG00000245923	63.24612958676	20.068858374715	9.82363411821976	13.4934704730732	7.16098513200522	7.19378879090565	9.96882477117513	20.5209933934975	5.01708614686378	43.7242403708002	80.3824759805062	16.5303693625871	3.63521508411927	8.87831068535846	6.01780262775874
ENSG00000246181.1	rest	ENSG00000246181	64.5387583507244	19.3808979526428	9.64460681046871	13.3492228369802	7.33345961190442	7.02962971590298	9.88271269235888	20.715334008815	5.49454844619877	43.7743422677677	80.3339770083298	16.4143766541997	3.43242723949394	8.86619814208438	5.95961230721307
ENSG00000246273.2	rest	ENSG00000246273	63.8259836369623	20.6743014501617	10.3262459847376	13.2929895972399	7.52094368958054	7.35857800407019	9.64048485364215	20.7655570416633	5.75418471524552	43.7832108323328	80.1881226890385	16.5304486081715	3.24346631691507	9.17383741373536	6.05312953086679
ENSG00000246328.1	rest	ENSG00000246328	64.4378971745235	20.6230260478779	10.0166923157497	13.6217931473758	7.18210944238247	7.08632043084466	9.82968088500501	20.6003638421447	4.87424030740345	44.0809662731663	80.0994359548259	16.4602885474794	3.37128860348332	8.83310638818232	5.97126068104877
ENSG00000246493.1	rest	ENSG00000246493	54.8246935622912	19.4363454521923	9.33808377336599	13.0348376140893	7.1045481046264	6.31176252040794	8.89017225690026	20.755704400896	5.5200481042483	45.0205300313185	81.7137514258895	16.8756156676036	3.94742684180464	7.97664142950107	5.1508499341998
ENSG00000246634.1	rest	ENSG00000246634	62.9879729097005	20.6306006444201	10.0448406634325	13.4581907153813	7.45464357412485	7.20742597647909	9.8535176081248	20.5366684723181	5.32347758919191	43.7773511198657	80.108276554127	16.4291716822335	3.29649396922301	9.11904777506552	6.02567026731523
ENSG00000246979.1	rest	ENSG00000246979	63.5848717277607	20.7261659270054	10.4777085736687	13.2278492277579	7.72968748546982	7.58630358645902	9.45262571897887	20.8155497245744	6.17544228158842	43.6700132290386	79.800979734184	16.6671636994997	1.89874523729548	9.81337275184198	5.99902901064024
ENSG00000247006.1	rest	ENSG00000247006	64.5542725367031	20.5654316806417	10.1222890599619	13.4125171792159	6.80251166541042	7.22705431402985	9.89682489685092	20.6763505874559	5.34375565800744	43.9907159526295	80.2389159081759	16.4371095440431	3.43863105891598	8.8589071892362	5.96895480785747
ENSG00000247092.1	rest	ENSG00000247092	64.095701553353	20.4201808702203	9.79019282564993	13.5808409088309	7.00751072205984	7.12360031283833	9.85273899432383	20.7326853797063	5.18198820941774	43.8333583039189	80.2569276197626	16.4081840385314	3.42921812041041	8.9045035582792	5.93879077959874
ENSG00000247240.2	rest	ENSG00000247240	63.9940978507789	20.4410339091524	9.54911018519974	13.5251842928764	6.97578127430116	6.98328511645763	9.82190102907238	20.6283851638406	5.31433641257748	43.8207994500307	80.3244959379684	16.4722340382802	3.49767765692869	8.90808895689803	5.94296832786614
ENSG00000247271.2	rest	ENSG00000247271	63.5498982623077	20.6462278625329	10.0741723634302	13.2475637887228	7.08085773034494	6.50127647125262	10.0447457569444	20.6731996847678	5.41003531226166	43.7282429660779	80.2599303922919	16.1537391652225	3.3984341343553	8.87765176791413	5.9637171859815
ENSG00000247516.2	rest	ENSG00000247516	63.9735776700381	20.6440414285928	9.97610103049895	13.7115128314138	7.19959925255839	7.04833617399829	9.99931684710801	20.9949133360319	5.30849014815022	43.58353854684	80.3817940149514	16.5763662708381	3.42334108843311	8.94016049489554	6.02631004173439
ENSG00000247556.1	true	ENSG00000247556	62.8977635782421	20.5232378407368	9.25583811229358	13.5597536136857	7.05239461349822	6.92513658830227	9.67736142798704	20.9729064567812	5.32395305533061	43.6234880946776	80.0769201725055	16.3774300531013	3.60936620650048	8.97938259745471	6.03902601895728
ENSG00000247844.1	true	ENSG00000247844	62.3709284409672	20.5125545846837	9.67934995618373	14.5444625161006	5.03103552357163	8.14756726586311	9.09498417548827	28.1464265641737	1.90363398174007	38.9191809846191	81.2082862102651	19.7278712747885	3.01078767504886	8.79901557210066	6.54312098265171
ENSG00000247909.1	rest	ENSG00000247909	63.6186126641615	20.5533361058264	10.1147491944666	13.21266006999	7.12804733889872	7.10185915021426	9.69648799208577	21.0449664289606	5.48854062405373	43.507138873855	80.0946373253465	16.3481279907357	3.31319506795437	8.7995800164262	5.85053040478303
ENSG00000248103.1	rest	ENSG00000248103	64.5069834372395	20.5170971419192	9.90936287746993	13.5862550797283	7.27135588212318	7.00219842194414	10.1649670000102	20.6676880666534	5.42132627165	43.7649760417356	80.3458837300123	16.4286579218814	3.42714805245135	8.8663739348065	5.95570636456686
ENSG00000248119.2	rest	ENSG00000248119	64.2914913787576	20.5983767199456	10.0224168286274	13.6037356720618	6.84486215937647	7.21017735486381	9.70952056383905	21.9662264395733	4.85842982219681	42.7999089669792	80.5570565467705	16.9813090439369	3.36844689543409	8.84698614049282	6.05627645096466
ENSG00000248253.2	rest	ENSG00000248253	64.399616391292	21.3924529095476	8.1186663366456	12.1717931204683	7.12466783576019	7.19346156343499	9.50054011939565	20.6276789939114	5.3573110809191	43.8426771513248	80.3714663301243	16.4662220128273	3.45638706644728	8.89128303406732	5.99421779387817
ENSG00000248255.1	rest	ENSG00000248255	64.5805729399829	19.6752536852565	9.75875472281358	13.367695816609	7.30331373370024	7.03193644064497	9.85675170234007	20.7137936608094	5.47224484464702	43.7726274868813	80.3355451624475	16.4108947432054	3.43403767801788	8.86232687954567	5.96140273510565
ENSG00000248272.1	rest	ENSG00000248272	63.6730748696122	20.7716568046531	10.0757582811512	13.4377731720811	7.61735518160806	7.42099301579917	9.79532984972277	20.7596743679369	5.64168383825279	44.1353462687995	80.8684785080251	16.5308741326621	3.11702766982325	9.2275749317693	5.99532861833591
ENSG00000248329.1	rest	ENSG00000248329	64.5768829825116	19.7042970462172	9.72413372257429	13.3437170736132	7.30043246488592	7.03635425356047	9.84955471385965	20.7113721868301	5.46984617479823	43.7734426956261	80.3363869316526	16.4121316019112	3.43464360799608	8.86325564932653	5.96172698615645
ENSG00000248596.1	rest	ENSG00000248596	64.6208299073732	20.6461641463828	10.0075688412464	13.5771263420021	7.22164973091139	7.01247431307042	9.84977337034935	20.6794670044362	5.41586139495371	43.7750084687712	80.3297110181959	16.4094769187329	3.449842752674	8.86360884083128	5.95857097319869
ENSG00000248810.1	rest	ENSG00000248810	64.5605125233077	20.6649663001444	9.97011941399484	13.6740531711226	7.25113061565072	7.03153703892281	9.83727050063829	20.6522500602717	5.4197323876708	43.7926412544988	80.3645211301365	16.4231619605005	3.46071718964807	8.85233693188664	5.94898245414627
ENSG00000248890.1	rest	ENSG00000248890	63.9944246575274	20.496500916716	10.291783244662	13.3120947050725	7.30282811805128	7.16691583634419	9.55496015812316	19.476553122489	3.93732571236412	43.2527760386309	80.3630420826048	16.3364377860919	3.02902510237155	8.747761553291	5.97341452441532
ENSG00000249069.2	rest	ENSG00000249069	64.5791066198588	20.7303446981379	9.79359513386267	13.6031415861071	7.22739779930287	7.02917640431617	9.82230837387918	20.6526823574836	5.42284529412185	43.783839795303	80.3319266768314	16.4155956689194	3.45033297944477	8.86732162448824	5.95324228889457
ENSG00000249152.1	rest	ENSG00000249152	64.6528540239314	20.3898374873557	10.0168147150089	13.3945677012845	7.23520613333134	7.02502190394668	9.85125349105536	20.7077863205955	5.41963566060935	43.7635405356765	80.3399627328863	16.4078185221054	3.44049523054139	8.85921750679826	5.95798554158256
ENSG00000249430.1	rest	ENSG00000249430	64.505412785998	19.6029967897426	9.74622405657856	13.3532734771872	7.33018882928176	7.056638103133	9.89178737496851	20.7146477386751	5.49016128314956	43.8008432375015	80.3921902057074	16.4229026835234	3.44789598392609	8.85087774399223	5.95892346496651
ENSG00000249532.1	rest	ENSG00000249532	63.4005143648494	7.96806886661709	5.52918970602359	12.9274213972297	8.42329251282657	7.14286093920041	9.94382833266092	20.8117595065688	6.33144047559852	43.9227232514935	80.2669198619244	16.4692963356121	3.32469833348425	8.9131140942155	6.01623959398083
ENSG00000249572.1	rest	ENSG00000249572	63.9961761094207	20.317143840802	9.94296463972394	13.3765331338802	7.17069437864357	7.09110904028356	9.85241528113237	20.786041203983	5.28812515670335	43.6928639090306	80.3549589618472	16.5144641580051	3.47807866645112	8.876809243481	5.97273971929217
ENSG00000249705.2	rest	ENSG00000249705	61.4798857259593	20.4848052355601	10.029827254296	13.2231353325483	7.6312001748328	7.57505273068332	9.83031240944366	20.2527531609849	5.13784518620915	43.6888453219259	81.0327176666311	16.1275435986461	3.97007022628924	8.63529511022948	5.75984609646638
ENSG00000249788.1	rest	ENSG00000249788	64.3657488433124	20.8344886142339	9.48274993331246	14.5620220830358	7.28872338996011	6.98232669119419	9.84388392495557	20.5198061065085	5.488234184919	43.8390606910832	80.2901260089334	16.4282124224216	3.466099135625	8.88111587829992	5.93910485031556
ENSG00000249790.2	rest	ENSG00000249790	63.4067109894878	9.58730965923963	6.14455543229756	12.9750411785714	8.21546390711367	6.9877969409273	9.87770574634238	20.7025741523753	6.0688098541638	43.9130005561478	80.2605004570561	16.4726244182143	3.2848262045781	8.85029491151926	6.0833150960726
ENSG00000249859.2	true	ENSG00000249859	64.0168754868323	20.5735909178867	9.80262797226858	13.5376294244813	6.88474993830198	7.1429273238201	9.77377646619724	20.6885510681083	5.26378699449949	43.6939822773416	80.3314899678144	16.3332030557385	3.44438171122389	8.87641625264949	5.93726678248082
ENSG00000250155.1	rest	ENSG00000250155	64.6238693374891	20.765329345812	9.70116020339757	13.1603737417035	7.20048907754385	7.06697012272215	9.78401464764852	20.6901983301343	5.39415048633822	43.7725589620409	80.3480529725449	16.4177419423615	3.44701158134427	8.86711232602591	5.95960292079963
ENSG00000250271.1	rest	ENSG00000250271	64.440577698828	20.6285641572507	10.0984602182518	13.4165091494063	7.200332158641	7.08969012654465	9.84169694839249	20.9842045402082	5.31457740769314	43.7549771843043	80.4553236287772	15.4671911409468	3.38820933078074	8.83378825362298	5.9266897610299
ENSG00000250337.1	rest	ENSG00000250337	64.4289105138682	20.6136368722001	9.72670171068292	13.2655722541546	7.12939546863729	7.13167036543428	9.81479087006951	21.0407433318666	5.16381455631759	43.8837643060328	80.2797966574118	16.2646000035077	3.41384068882162	8.86163406792467	5.97541929207372
ENSG00000250666.1	rest	ENSG00000250666	64.5928916122069	20.6734658093391	9.93775671351994	13.7171357762628	7.23423451185362	7.0114135364571	9.84842598289628	20.6546198568916	5.42575241991636	43.7799129401617	80.328245005362	16.4121552706101	3.44864298956016	8.86417037799774	5.95206324506027
ENSG00000250689.1	rest	ENSG00000250689	64.2747592228949	20.8578563802519	9.27714328444661	14.8443509508588	7.31478728425848	6.97538758294768	9.83626091398825	20.4701344253222	5.52191473040091	43.8569581796407	80.2816258376805	16.4351754926267	3.47714477424557	8.88946134243724	5.93525006000436
ENSG00000250742.1	rest	ENSG00000250742	63.2499270570519	20.7461714570211	10.2134118994367	13.0013253081784	7.30028753852914	6.27822344900633	11.3263600769781	20.6130306207983	5.60527701983154	43.6525572956264	80.3386493371443	16.559032533664	3.72766832066402	8.90685681540718	5.76920613353846
ENSG00000250763.1	rest	ENSG00000250763	63.8412778312464	20.6991053259525	9.70126348848141	13.4622306709301	7.18340563411277	7.23847719172523	10.2463563808961	20.7692776843323	5.26167968907482	43.9424908696471	80.3028537002765	16.3959321758435	3.35414679355245	8.85060524202144	5.90367028389674
ENSG00000250961.1	rest	ENSG00000250961	64.666723878821	20.61673668082	10.0988611555859	13.4005015043069	7.21687923290895	7.02392294216857	9.86589294365044	20.7031662643925	5.4018685265923	43.758940004994	80.3424121901576	16.4081672787502	3.43568189078006	8.86296412043318	5.95790981174694
ENSG00000251002.2	rest	ENSG00000251002	64.5993533957189	20.8504191802472	9.49949687677619	13.0338703952609	7.19327375918543	7.08952121586008	9.74836422970074	20.6802961416719	5.39041991798481	43.7781844807944	80.351817861561	16.4232140060218	3.44986736206182	8.87196721082956	5.96108626645476
ENSG00000251129.1	rest	ENSG00000251129	64.3062534701432	20.7941026967975	9.60162223349483	14.3719905784658	7.20188893806049	7.04972058041194	9.84393412220686	20.6637508912721	5.45714272084173	43.8235152319277	80.3557272593339	15.9958284912947	3.43930004870769	8.86495654788023	5.92812873813168
ENSG00000251138.1	rest	ENSG00000251138	64.5620943612839	20.688423695334	9.88937382339473	13.807774744978	7.23621190376253	7.01150939060296	9.84790893678065	20.6514743791462	5.43124874224653	43.7857654747237	80.3269933837284	16.391191999602	3.44970981114601	8.8656512890317	5.95031447148856
ENSG00000251150.1	rest	ENSG00000251150	64.3445126703809	20.8514994566411	9.43663517579019	14.6373097909889	7.29403940929417	6.97987852751866	9.84252114699656	20.5064273270854	5.49442950123908	43.8431571966962	80.2874842357469	16.4296094829479	3.46771502841207	8.88273177129834	5.93787552888337
ENSG00000251273.1	rest	ENSG00000251273	63.6196537980434	20.2969948051066	10.1642983428074	13.3084622020906	7.21144667354436	7.0154778829053	9.72841726012399	20.2751446291207	5.2454151972856	43.4318430815777	79.6472210313246	16.3669453339033	4.18482337542019	9.30429385128596	6.11278607608506
ENSG00000251381.2	rest	ENSG00000251381	64.4403533237448	20.6786778239268	9.93008849074545	13.7271964524616	7.12316990807023	6.75923198152936	9.79663248585837	20.7190122462389	5.42950613087096	43.7652007465831	80.3586000845519	16.4566295974246	3.39905096261778	8.80691508068784	6.07931666719477
ENSG00000251434.1	rest	ENSG00000251434	64.6135155754847	20.6594161834055	9.97682734333076	13.6405004736178	7.22892447000013	7.01418292261369	9.84894820425334	20.668159085265	5.42157988514924	43.775677120331	80.3314226904947	16.4108737347005	3.44748904329886	8.86287207799574	5.95324841141309
ENSG00000251531.1	rest	ENSG00000251531	63.8166090623893	21.0969635486804	8.79505200110991	15.9668921687231	7.29300632083272	6.67220195836726	9.78547584596798	20.3091293958664	5.637164813725	43.9564973363218	80.2733469097472	16.3829242926084	3.45795581769468	8.90568841208104	5.93935970506192
ENSG00000251562.3	true	ENSG00000251562	40.6159286964478	22.7443290894403	9.58029327546933	13.4397021373971	5.74794545414486	13.7003768284871	11.4992339529795	23.0907553099677	7.86448853743635	43.232451657916	85.4150616737926	17.0389150622771	1	10.6579106034724	7.15650851553749
ENSG00000251565.1	rest	ENSG00000251565	64.5441162732428	20.6775184789382	9.93465614215416	13.7171174567376	7.23096615916421	7.02599175622276	9.84408959424215	20.7161150646367	5.40976659590874	43.7793828553393	80.3529437699786	16.2107710594766	3.43747383350607	8.85933431523038	5.94551207371388
ENSG00000253196.1	rest	ENSG00000253196	64.516810177964	20.5882273664395	10.1216183654861	13.4129439524919	7.07319410915106	7.11867603285237	9.91811691735885	21.06599395605	4.84661785904547	44.643121421438	79.8257555291732	16.5396271386512	3.43039850731502	8.86394257630137	5.99263698475423
ENSG00000253352.2	true	ENSG00000253352	59.7828293716631	20.0643656369041	9.38991508971032	13.4609665032922	6.7117217811061	7.8851168307881	10.2235282974806	21.2278434301109	5.25126193334914	43.8510731514016	79.8264284764716	16.7325790234132	3.18618488699637	9.19235635671061	6.10943630513828
ENSG00000253394.1	rest	ENSG00000253394	64.5994467380367	20.6692607803346	9.94946971547523	13.6940309044611	7.23179470787896	7.01248069566354	9.84886589178392	20.6595272482453	5.42591752857892	43.7791141092765	80.3292233522521	16.4118140584085	3.448602360298	8.86391483906257	5.95242060590387
ENSG00000253522.1	rest	ENSG00000253522	64.1243217005065	22.1463744390148	6.16769263558546	10.9658785750641	7.05526115529439	7.48703152856936	9.17947613370706	20.574279537252	5.14252262856311	44.0514803132163	80.3025972747758	16.5420134216572	3.46891945568212	8.93896343534551	5.98772582814415
ENSG00000253659.1	rest	ENSG00000253659	64.5316256265364	20.6488052908811	10.0730488918885	13.3461165574364	7.26713502946308	6.99420798590553	10.3566507185516	20.6954213565855	5.39263642441833	43.7255003065455	80.3773927326908	16.4322115448112	3.41492826301895	8.86387340633311	5.95956766787736
ENSG00000253738.1	rest	ENSG00000253738	63.7896134752794	20.6864682101069	9.97983249325345	13.4900437318303	6.96007350138884	7.053055163001	9.78102195535694	20.7381888982704	5.58279551189865	43.6517148980075	80.1091223658097	16.4037532719696	3.55414165433862	8.92749028889851	6.03704335084617
ENSG00000254024.1	rest	ENSG00000254024	64.6283372873729	20.5930788714335	10.1139104050901	13.4091396867017	6.9274650010371	7.15449833011444	9.87720893530828	20.633843079671	5.4713134825158	43.7800371959474	80.3557422111426	16.4046269333812	3.44491692110398	8.8576761635044	5.95860393009809
ENSG00000254166.1	rest	ENSG00000254166	64.3601554925535	20.6301694622233	9.97239288739709	13.4830793120055	6.93059814113678	7.18105350766171	9.76516396772308	21.6453540243726	4.85661319498663	43.4393097371825	80.3075423258131	16.818459795256	3.39347311969835	8.85806541074473	6.02903473710683
ENSG00000254251.1	rest	ENSG00000254251	64.3951236484102	20.481940115872	10.190269069846	13.4385792502733	5.52071749817502	7.80045973400989	10.0151365491205	20.279141009494	5.80761105018775	43.8750153337354	80.4258147004237	16.3965871104081	3.45847324348805	8.85696305127785	5.96598696561879
ENSG00000254277.1	rest	ENSG00000254277	64.3824710202949	17.7046162913333	9.04692368736321	13.2937020608669	7.49203546248317	7.05036471137764	9.87115283620169	20.7304690082841	5.61759365101871	43.798000795588	80.3233635606464	16.4212715013552	3.41547938144072	8.87027718569811	5.9702247872087
ENSG00000254337.1	rest	ENSG00000254337	64.2913734439783	20.6376117404168	10.1243908079892	13.3147579555501	6.97000777305788	7.21301019771317	10.5699173005964	20.5939996340396	5.5027468469274	43.7920139720017	80.514756081477	16.4780733352439	3.49309439034168	8.8485948743357	5.97107259909186
ENSG00000254339.1	rest	ENSG00000254339	64.2708421661649	16.6082354342867	8.65111530682856	13.2522186259132	7.59647740173786	7.05911595759142	9.87891470163077	20.7398161322048	5.69920486274984	43.8120564788647	80.3159926686325	16.4268395128998	3.40522097817932	8.87416923478045	5.97597695352846
ENSG00000254539.1	rest	ENSG00000254539	62.7457840734518	20.5839108995486	10.0774009641762	13.6720091645056	7.75228431216782	7.29023116793263	10.0663543522049	20.434350319792	5.82030044433707	43.8434986553297	80.2803426795285	16.6275292937521	3.86119924680943	9.16556049684987	6.18728072461963
ENSG00000254682.1	rest	ENSG00000254682	62.1341157640327	19.5272165209006	7.34216212306167	15.2068880076046	6.97314705421323	7.40090503728357	9.78349380281907	19.6750713765872	4.93572982107754	43.909773562247	79.6297391940106	16.3485103762573	3.68528169741947	8.88532946124403	5.73248170463205
ENSG00000254911.1	rest	ENSG00000254911	63.5982890847141	20.7703835799779	9.30100167475992	13.1356844780037	7.01442944127131	7.24196578972301	9.85466449644512	20.7476429855764	5.34156510878078	43.6479649731521	80.3478992406695	16.2093368378754	3.28322952739503	8.89054226571686	5.99090106915483
ENSG00000254934.1	rest	ENSG00000254934	64.063131832169	14.539868525434	7.90378608702599	13.1746954111991	7.79446677890587	7.07966407733177	9.89430428219979	20.7571136983775	5.85028377522132	43.8386492269951	80.3046932334451	16.4373791041256	3.38597160305022	8.88328976637154	5.98515512734143
ENSG00000255135.1	rest	ENSG00000255135	63.4631469956026	19.9178435111811	9.41605796746535	13.5590154581395	6.92563316485295	7.26814357258871	9.94334207363431	20.7911890102401	5.47332837995178	43.6822905668684	80.1160526579461	16.3909626591467	3.58819660623537	8.97105476596729	5.84342204795445
ENSG00000255248.1	rest	ENSG00000255248	61.0290899031925	20.8817289313336	11.2381940117235	12.7415850053315	8.7366591932158	8.32091492187423	9.11115497193865	20.645759743113	7.1639817784026	43.6873981686943	79.2961367768325	17.0553736077587	3.11368472148344	8.59979263701002	5.63304087327789
ENSG00000255399.1	rest	ENSG00000255399	63.8722805835065	20.673496445629	10.367213934483	13.272034581494	7.6032712540205	7.39555746474133	9.60383112090943	20.7174103668187	5.80053310705324	43.9086285524746	80.3975470047479	16.618472654494	3.3744834556453	8.56906970774455	5.76249341205382
ENSG00000255495.1	rest	ENSG00000255495	63.3462789679155	20.5884449731346	10.3898207408138	13.2158294124454	7.63352948890057	7.31073690642805	9.96303988858906	20.7256960992089	5.55253854962833	44.2135960539638	80.6811709431867	16.6409292221701	3.63184931708822	8.84623965449341	5.94526575934051
ENSG00000255717.1	true	ENSG00000255717	57.2972791786529	17.5057233754084	5.08380624284428	17.6065111244996	4.99002358176963	7.71257390711387	8.69245103233729	25.108791021296	2.62543368107604	40.4804959448097	81.1592011641934	17.9805356559171	2.96571279561378	9.04655332381797	6.26435358438408
ENSG00000255773.1	rest	ENSG00000255773	64.2584769470801	20.5171917160009	10.1101458548174	13.4221215363541	6.81684872052004	7.2039003257146	9.850854377585	20.6654035294744	5.29921400819652	43.6494085130259	80.328841324639	16.4027162399689	3.44221888307491	8.84556981387039	5.95510118161952
ENSG00000255794.1	true	ENSG00000255794	64.6682187860708	20.5448841462914	10.072716382123	13.4002654198514	7.22012816752105	7.02375076114732	9.85007951169178	20.7063578745952	5.40819172633671	43.7615566722952	80.3406982029543	16.4070290373897	3.44223308255322	8.85874910855296	5.95746829468399
ENSG00000255955.1	rest	ENSG00000255955	64.0182342664071	14.0816092181185	7.73817016278142	13.1577262788318	7.83835877628508	7.08434931363393	9.89818560880493	20.7613113105485	5.88455498897294	43.8448115475616	80.3017007913102	16.4393335805371	3.38258111013594	8.88642288645875	5.98753800710234
ENSG00000256017.1	rest	ENSG00000256017	64.4622780263358	20.6846779408935	9.89540248000283	13.8113249600129	7.14361364302049	6.94185710110686	9.82501000948656	20.7501518390941	5.38348461998569	43.733381090173	80.3466919653642	16.3677680304168	3.47782553238356	8.94336047665625	5.7998697801981
ENSG00000256162.1	rest	ENSG00000256162	64.5775148806085	20.5992750617289	10.1123992524698	13.4091743337087	7.13854956758009	7.07727205259091	9.89017321372879	20.9375328545278	5.04759188997231	44.3181322039064	80.0144350100199	16.4898349496007	3.43470605721006	8.86189993342421	5.97941611147032
ENSG00000256329.1	rest	ENSG00000256329	64.5995743752946	20.6730308941272	9.96002245045017	13.398532536059	7.21785007872718	7.04207690258009	9.88763649236135	20.7267618334513	5.38197534258291	43.7897073840251	80.3355796369643	16.384028275488	3.42390467950874	8.87576706473078	5.96027913073207
ENSG00000256910.1	rest	ENSG00000256910	63.2023602120443	21.6613860782426	7.20362476817671	19.0363166052676	7.58156115625616	6.81387665189303	9.83283491482054	19.8122122187781	5.84379032599865	44.1183337608913	80.1062605039102	16.5063603680998	3.55964850310964	8.96879268081637	5.86959594010014
