gene_id	withinSubset	lncRnaName	Comp.1	Comp.2	Comp.3	Comp.4	Comp.5	Comp.6	Comp.7	Comp.8	Comp.9	Comp.10	Comp.11	Comp.12	Comp.13	Comp.14	Comp.15
ENSG00000088970.10	rest	ENSG00000088970	7.03302335663617	15.6662547407508	11.2983372645381	2.15726118777397	6.72282979477322	2.37350565905745	8.68645490912097	2.07584422338503	5.26784365035825	2.07097943114801	3.07026495613088	1.1245062027663	4.01607631777668	1.62012283816327	1.93259852104602
ENSG00000100181.14	true	ENSG00000100181	7.13706564086772	15.7457323404674	11.2101598478824	2.18020058810069	6.48198542499591	2.34747049447235	8.70713085808281	2.08055642500276	5.26810260674965	2.07813034628732	3.10483819638906	1.11901948322945	4.00693320348257	1.62447699399012	1.93160730368014
ENSG00000104691.10	rest	ENSG00000104691	7.11416368226405	15.7523853915941	11.261889949859	2.17006205947219	6.70683689971058	2.3672857814854	8.68659181574624	2.07023958366713	5.25749067264097	2.07736746517583	3.0980235728411	1.1242410820728	4.00699073292177	1.62117404978377	1.93371888502695
ENSG00000126749.7	rest	ENSG00000126749	7.03330383585929	15.589030462693	11.2504125265852	2.2398356000448	6.72362522057505	2.32489082497114	8.61744478587069	2.0637068816583	5.259477107921	2.10427323380248	3.10504890077771	1.11176113662145	4.00276419063896	1.60656642882106	1.92126483812708
ENSG00000130600.9	true	ENSG00000130600	7.05387752205289	15.2491342774902	10.6909565230348	2.1671652466303	6.55890098994586	2.14946954068471	7.88332112390745	1.42900468852984	4.41322724149755	2.18768130129409	4.66883240265756	7.49662981698689	1	1	8.29213052582021
ENSG00000142396.4	rest	ENSG00000142396	6.99629222326358	15.4842930112254	11.2714722127547	2.20102931295146	6.7239067545413	2.35305139182229	8.70131739534792	2.06153531524884	5.22075015750558	2.11653151598161	3.17186806918181	1.10422004068616	4.02031670201321	1.61727287816823	1.92503232773182
ENSG00000170846.10	rest	ENSG00000170846	7.10408198763847	15.7566717286893	11.2500214110453	2.17005925602982	6.65157790897547	2.36261565005782	8.68895109196473	2.06581107282555	5.25943928959982	2.08131461061503	3.11294834599503	1.11670447949312	4.01509982354493	1.61628741095503	1.93087066047451
ENSG00000172965.6	rest	ENSG00000172965	6.88874143047612	15.1460464318632	11.0169443072501	2.1572389412423	6.70592118507112	2.29542878907665	8.65336547426643	2.01374215366309	5.24868871314472	2.11681876252236	3.13935205733515	1.13959380248038	3.95730330800857	1.61628872435685	1.95039438999138
ENSG00000175061.9	rest	ENSG00000175061	2.33633499401348	10.6911148217246	10.3071316162885	3.7508753130935	5.81531338751277	2.32490143530909	8.34806282879383	1.96466828422428	5.04764989035387	2.67672544314364	2.81204282854767	1.37709709250599	4.22403239612768	1.56611120516504	1.73110582062584
ENSG00000175772.10	rest	ENSG00000175772	7.13378447676226	15.7724292132076	11.2572322833431	2.15473454506316	6.73412695363492	2.35798197137458	8.68452583896708	2.02525276899367	5.25286714611069	2.10899267280108	3.09602860820955	1.11179150060695	4.01583327947727	1.62570149187314	1.93138600894071
ENSG00000180712.3	rest	ENSG00000180712	7.15242467755689	15.7720902771398	11.2901698355945	2.53684227700335	6.76073983652941	2.37078876278819	8.70059248841979	2.07096975238703	5.25557411517241	2.08501661594632	3.11092985373118	1.11510290969671	4.01234282924504	1.62129156226592	1.93239690130169
ENSG00000182165.12	rest	ENSG00000182165	7.10478111312513	15.7189552246245	11.2571858465152	2.19008203811355	6.74935593869909	2.34998887204457	8.67298469163218	2.04086764003335	5.24594080220343	2.07627516211254	3.10666574754789	1.11165830339778	4.0087896356508	1.61589606439533	1.9251816406977
ENSG00000185044.8	rest	ENSG00000185044	7.03587524392245	15.0968003293002	10.887856033756	2.45427456642012	4.7049022051995	2.34495032247417	8.77174979997751	2.01877734680626	5.14155142045651	1.97869440374404	3.01756787827483	1.06912472945019	3.99111351429301	1.57963256131144	1.96174248402753
ENSG00000185433.4	rest	ENSG00000185433	7.15188804892874	15.7969775797492	11.2790476260816	2.31996058562291	6.73843712398277	2.36743034968224	8.69047376557403	2.07189444733734	5.25601365750906	2.08154000831885	3.10969783554402	1.11627908035345	4.01314616751734	1.62211283415585	1.93157087493823
ENSG00000185495.6	rest	ENSG00000185495	7.08106738862553	15.7420761656165	11.2581644855097	2.20541932033017	6.68310063878967	2.36475681454076	8.68603825019128	2.05577471910537	5.26040520581875	2.07782790346202	3.10615890938938	1.12017397737125	4.01127471887889	1.62492881164797	1.9354007802108
ENSG00000186594.5	rest	ENSG00000186594	7.1406846851359	15.745664319138	11.2107011908493	2.15770000402754	6.74234507312962	2.34650395461985	8.63552837875082	2.07638655019923	5.24667121433357	2.09240808128068	3.10409867203843	1.15246094985426	4.01490511214851	1.6279563570446	1.92332745898814
ENSG00000187156.4	rest	ENSG00000187156	7.14532164918492	15.7869143754704	11.2508181052816	2.16717698073487	6.62344722695517	2.36477963761707	8.6868941870149	2.0729287866889	5.24882683236869	2.07189363313461	3.10536325081601	1.11416076099479	4.01270002826831	1.62071584683663	1.93206378383595
ENSG00000188338.8	rest	ENSG00000188338	7.04988410887678	14.7368573502743	11.6009351077147	2.01607400322036	6.9197360467853	2.38447298571297	8.76481000690628	2.11324940016484	5.28455919924768	2.04073579730534	3.0873979084543	1.10616608565373	4.01228547860559	1.62498602167487	1.93267267929147
ENSG00000189223.6	rest	ENSG00000189223	7.1396174553449	15.7513693454962	11.1853872076433	2.2468224810252	6.67489006177921	2.34305803732384	8.66009244719738	1.98418325563991	5.28614562815644	2.07585130063083	3.12199367730272	1.1380479040816	4.01260904281684	1.62822560632377	1.93820796629766
ENSG00000189229.10	rest	ENSG00000189229	7.08961027990348	15.5616002503097	11.2180755714875	2.18096030037008	6.28717992599278	2.36936772559739	8.72443583369254	2.09206233974464	5.28117430270188	2.07545259422066	3.10772291012167	1.11276973144895	4.00969346432065	1.61641105999437	1.93154129363681
ENSG00000196756.5	rest	ENSG00000196756	6.62281162451271	14.8437676524686	11.0695165118412	2.40777939988518	5.34108941977474	2.38588300065752	8.79582241434418	2.04769565235908	5.37948408294147	2.07129249267121	2.90014890417949	1.1691668990486	3.9792737586093	1.59742027226125	1.95515856541476
ENSG00000203279.2	rest	ENSG00000203279	7.05559618041424	15.7745355289976	11.2798868501038	2.15749388999153	6.72646817820988	2.37400774800528	8.68104385791722	2.07059504927736	5.25774347680198	2.07749009213975	3.10824939082993	1.11430977279048	4.01399558156543	1.6230921937638	1.93157623047965
ENSG00000203499.6	rest	ENSG00000203499	7.11453432185812	15.7446386741632	11.2809185135636	2.15237880656112	6.73060616040736	2.32084093346289	8.65792941988784	1.89951072364882	5.30218130564244	2.07328170022086	3.13916960976708	1.09723301594885	4.0189240644704	1.62455266460704	1.93187237562328
ENSG00000203875.4	true	ENSG00000203875	7.00306904604766	15.6743758453291	11.1948404498992	2.22173176325647	6.58312578805069	2.37240676841912	8.70839919841661	2.07044709498768	5.24860342004529	2.08885135146152	3.11143601789938	1.11242108159438	4.01858788246048	1.61580961435239	1.93098725425151
ENSG00000204054.5	rest	ENSG00000204054	7.08250805077131	15.2304481559455	11.3109422692716	2.09961925661933	6.78494436154824	2.33824457854071	8.69297975667262	1.97632709658555	5.23923752503034	2.07174272078365	3.13221893167577	1.10034327877519	4.0093310616274	1.61105163343239	1.92322435060157
ENSG00000204272.5	rest	ENSG00000204272	7.02832986957569	15.7345095147939	11.226086655608	2.19934178885082	6.7530827911356	2.32722989914462	8.65521890485174	2.0222886818575	5.2356967138798	2.08196314047546	3.09862620535122	1.12435531763324	4.00059335088393	1.60276077638531	1.92592914932406
ENSG00000205662.2	rest	ENSG00000205662	6.98301021751831	15.7106082460988	11.2414921643661	2.23939768900469	6.63712869835549	2.36821410443637	8.6961838333771	2.07007642543416	5.2346702722757	2.0699624906761	3.08747258517948	1.11231042069758	4.00630253589973	1.62877019819709	1.92834661932607
ENSG00000205663.4	rest	ENSG00000205663	6.65880931516587	15.5140077447506	11.1619235426976	2.4914716857778	6.4852291320777	2.36713356897734	8.71445623035489	2.019579938463	5.20309608886947	2.06300609295754	3.07093007976354	1.10081105438407	3.99095729763332	1.63583311879491	1.91338696003108
ENSG00000212978.4	rest	ENSG00000212978	7.11341349554822	15.7458915034763	11.2741699795124	2.1599232834774	6.73825080438492	2.35677163674241	8.67547767569471	2.05845232427743	5.24316012555589	2.10209520050257	3.10832660259648	1.11963130037094	4.01167338443067	1.61480301893679	1.927074721826
ENSG00000214049.3	true	ENSG00000214049	7.07017703430244	14.9258014569033	11.4186794811376	2.08838634828477	6.46023904523261	2.37308637842238	8.77729034101241	2.11886554642237	5.28830307210059	2.06245066894225	3.1402570957038	1.09973492417611	4.01447698784631	1.61455145888199	1.92686048304589
ENSG00000214548.7	true	ENSG00000214548	7.14077950418582	15.6385924799579	10.5648023297453	2.1577020757934	6.91371179640199	2.37184436093602	8.77005361214066	2.08484852814079	5.25523880508414	2.09586952591447	3.08349891467469	1.12448811008701	4.00804325184785	1.5922568350664	1.90570636952246
ENSG00000214719.4	rest	ENSG00000214719	6.68473003734703	15.3742959984496	11.3420835343057	2.18404525002626	6.83902584158293	2.39310320774716	8.7128592201179	2.08305213663001	5.24141842980556	2.09753214653772	3.08565795244734	1.12020665233866	4.00742311891699	1.6169541452631	1.92208967828362
ENSG00000215417.4	true	ENSG00000215417	7.05494203352369	15.6740078060684	11.1998767272085	2.22691729656872	6.35673246216465	2.37103466189709	8.71582998529904	2.08247268704653	5.27500673054536	2.08008017940448	3.10209382384516	1.114572651169	4.01132876439875	1.61470912775893	1.93226417894009
ENSG00000215447.3	rest	ENSG00000215447	6.98226001531839	15.6361715980311	11.2169030489286	2.16061545419519	6.72441997095259	2.36184185217261	8.64132902755021	2.00916167278665	5.22121418363374	2.04644260886583	3.0971473532507	1.11753317143967	4.00300237116332	1.6180624552057	1.94274704066939
ENSG00000215908.4	rest	ENSG00000215908	7.04270991164476	15.6248369721628	11.2547362700767	2.17453456396486	6.711592895642	2.3711492298401	8.71184019297135	2.05799990012512	5.2614149490001	2.06856601141033	3.07835227625841	1.11792370740897	4.00948660385153	1.62213177094032	1.93108019821406
ENSG00000222041.5	rest	ENSG00000222041	7.03999134637077	15.3771679048982	10.5899101965623	2.22458296216409	6.69497767298396	2.38849128451634	8.8205628019235	2.06447188973223	5.22740148363672	2.10447112021019	3.13600678246738	1.16488512523801	4.02315561776928	1.6425919031144	1.94744786925116
ENSG00000223380.3	rest	ENSG00000223380	6.80421583468954	15.0129773395452	10.9244290587036	2.39801726427227	6.62895998914362	2.33125185651197	8.35943625046867	2.08920686175875	5.24941777261496	2.04982176293061	3.09657133997294	1.157973818768	4.06643397424994	1.63365741305613	1.92026310458406
ENSG00000223414.1	rest	ENSG00000223414	7.11809400212497	15.4133719512031	11.3791805855221	2.10445601955663	6.79203850369484	2.36927457437193	8.69443409045581	2.07385517631404	5.18607226094892	2.20639202274631	3.1361418302916	1.0935416096434	4.02147598500867	1.62836458863971	1.92821023033018
ENSG00000223477.1	rest	ENSG00000223477	7.14316262421411	15.7703572497389	11.2773915649363	2.15287672734082	6.72897417315726	2.34838270693687	8.67776993462085	2.05184069841969	5.21590181215063	2.16665049728001	3.0641148226486	1.11491432674438	4.01476919533347	1.63032802213027	1.93338749588675
ENSG00000223573.1	true	ENSG00000223573	7.13486350669088	15.7700264988066	11.27838995604	2.15586691984862	6.7280700265784	2.33781315901401	8.66966202573501	1.97668028165936	5.28307953075534	2.07379556648629	3.1130387295372	1.10657541489784	4.01562705933848	1.62498332459146	1.93193524087943
ENSG00000223745.1	rest	ENSG00000223745	7.04395551593767	15.7645032837138	11.2387669858614	2.23398676835534	6.67982830952894	2.37529913018971	8.68827177328898	2.06768635600514	5.23776649029424	2.07258277968396	3.10135103804441	1.11357379129239	4.01352151320316	1.61978399829002	1.93408527815302
ENSG00000223768.1	rest	ENSG00000223768	7.1005998684632	15.7608778183916	11.2498884089284	2.15831868006053	6.72245458367597	2.36750942431386	8.6732512018047	2.06010080794869	5.24224983156029	2.06918725713251	3.10461617258186	1.11731159257212	4.01535799759011	1.6239356827427	1.93318892238922
ENSG00000223808.1	rest	ENSG00000223808	7.14995670876632	15.8124914811935	11.2703940736688	2.1587897620686	6.72211434938894	2.3636674639343	8.68185269414351	2.0641347578474	5.25859311701729	2.0784246192597	3.10972066256155	1.11614725004792	4.01405357811132	1.62269195044966	1.93095833831135
ENSG00000223812.1	rest	ENSG00000223812	7.14870105872278	15.8041784642859	11.2607524789881	2.16146928096458	6.6908301826728	2.36525190141137	8.68657655703563	2.0728551903443	5.25603473470772	2.07744992379565	3.10726390743147	1.11658110784679	4.0134681861955	1.62222171135117	1.93122311068394
ENSG00000224032.2	true	ENSG00000224032	7.01851438796634	15.5538778680297	11.2852653908356	2.15316549635809	6.72716945621236	2.37187520291001	8.6870609415759	2.04978901426023	5.25510555424241	2.10070177080523	3.0584117279482	1.1197967205394	4.0134402282091	1.62770091644893	1.93683264072961
ENSG00000224137.1	rest	ENSG00000224137	7.15182829737508	15.7977545614001	11.2786447974267	2.31327057116862	6.73772089150301	2.36733351794322	8.69017956321707	2.07198120582618	5.25587306014589	2.08154904590756	3.11028703614771	1.11622337685531	4.01321208547748	1.62213952702718	1.93148766247019
ENSG00000224818.1	rest	ENSG00000224818	7.05317856265819	15.6630027035419	11.2807622066505	2.23717053315438	6.76498602054924	2.33105940795504	8.63888588827082	2.0323221155857	5.26018748767369	2.07937173376331	3.08605076926991	1.14672218059468	3.98103951728527	1.63540349119975	1.93091682143222
ENSG00000224930.2	rest	ENSG00000224930	7.11416639250003	15.3522768863316	11.4100318687442	2.09686922065686	6.80609906578693	2.37270613219972	8.71848165412455	2.09638224627982	5.25415242623689	2.0748551060558	3.16258598103932	1.11127362124513	4.01344717416188	1.62307870960666	1.933464630087
ENSG00000224959.1	rest	ENSG00000224959	7.00903610902803	14.622390542749	9.47229979636686	2.0890809707998	7.14301946452867	2.45601478847784	9.21408355990455	1.97478316173056	5.21933589142055	2.13577256507322	2.77422419507453	1.12587103401817	4.05576341858051	1.66019224765063	1.91746347337579
ENSG00000225135.1	rest	ENSG00000225135	7.14116322374835	15.765360680489	11.2341713676625	2.17325075211215	6.60017990685967	2.36458173435831	8.6829341805267	2.0763805081236	5.25727955186077	2.07754039802087	3.10410792468782	1.11709391686305	4.01573977438043	1.62249909231862	1.93035332464225
ENSG00000225210.1	rest	ENSG00000225210	6.9691785936812	13.8241821590963	11.7858907697031	1.92865754445997	6.90690983282235	2.29115764737486	8.67640053048473	1.50239452972592	5.22398723776277	2.100139848078	2.86456808845115	1.02272827810562	4.01421197218595	1.61383170813426	1.96468218859943
ENSG00000225746.2	rest	ENSG00000225746	7.13677836100568	15.6206150648795	10.5878153536428	2.17190562560351	6.89732676372515	2.36388476027119	8.45350583728501	2.17608596504997	5.3388961501431	2.10078339884404	3.09442159874096	1.04146783749822	3.98322350773898	1.61861072172845	1.94184584718353
ENSG00000225760.1	rest	ENSG00000225760	7.04449210661402	15.6804290232337	11.2579581638526	2.18238224639953	6.71898377162589	2.36588009834261	8.69271014272822	2.04440086207994	5.25751579390058	2.0749952106442	3.10288343008979	1.12055399152271	4.00106239578645	1.62306965310702	1.92806418883982
ENSG00000225791.1	rest	ENSG00000225791	7.05918009586489	15.7164441308942	11.2605065618712	2.18696448316737	6.71029448796952	2.36885573431509	8.66772541063279	2.04520138732838	5.2470771764915	2.07265713748888	3.09790909046332	1.12881894974085	4.01368452844917	1.62432570181827	1.94257694920348
ENSG00000225873.1	rest	ENSG00000225873	7.14631260161748	15.777110067929	11.2651900712425	2.16514586660934	6.68308439353822	2.36542610749794	8.68903875067877	2.07282332573944	5.25511526463592	2.0771673644799	3.11277104332263	1.11493277696054	4.0137447194255	1.62201522527119	1.93079445489046
ENSG00000226007.1	rest	ENSG00000226007	7.14686712907928	15.8086272783215	11.2648433235362	2.16540039368685	6.72476148689567	2.36486619426933	8.68347762421042	2.06811869438025	5.25149163088576	2.08414433025071	3.10683066023326	1.11603297684091	4.01371718026149	1.62305950160059	1.93092689953207
ENSG00000226363.1	rest	ENSG00000226363	7.15006880915657	15.8077435178041	11.2474472720016	2.15838114637977	6.72857001946993	2.36631730719437	8.69295312055808	2.06914713097937	5.25516569500893	2.07682983004409	3.10791287549547	1.11596153725352	4.01430110021076	1.62299446225473	1.93104607061661
ENSG00000226453.1	rest	ENSG00000226453	7.0798685999356	15.3685419295714	11.4020272556799	2.11620619081684	6.78828876557794	2.37276177186838	8.71273672649052	2.06859941246485	5.28288506254336	2.0560035490197	3.06660088553178	1.11679562892171	4.01268186952119	1.62400365324278	1.93360797100756
ENSG00000226900.1	rest	ENSG00000226900	7.12765642764663	15.7880361455199	11.2778865536789	2.1557740207529	6.72703124253896	2.36749590283999	8.68253933749845	2.07248612745615	5.24811845221396	2.07405225161729	3.1106553185294	1.11581731102456	4.01489152040245	1.62301969304983	1.93015457530596
ENSG00000226950.2	true	ENSG00000226950	1	14.326409561765	11.0047934133222	2.95656454410614	6.65048629020698	2.94205345764923	8.98611229939783	1.90604463231477	5.57277654103194	2.02868378902937	2.58276991382161	1.14950501809444	3.94638997748646	1.62023607382674	2.00500676743228
ENSG00000227036.1	rest	ENSG00000227036	7.1196244898689	15.6220800290254	11.3232383979015	2.1520095938212	6.76022815091894	2.33731878307079	8.68392584151718	2.04720275147314	5.24993622469818	2.10797848592277	3.0468786984094	1.11835216270011	4.0149252574201	1.62047411820475	1.9380057741095
ENSG00000227502.1	rest	ENSG00000227502	7.14842987771242	15.7738872027401	11.2848142036682	2.2296351539475	6.73652640596754	2.36668143757776	8.68874803184991	2.07041990780651	5.26348502456009	2.07444632258655	3.07926954853744	1.12045463449926	4.01165566200257	1.6225215564253	1.93390566991288
ENSG00000227674.1	rest	ENSG00000227674	7.1159507917324	15.2666022423594	11.4157567350654	2.77180468802765	6.74837359966031	2.3820898046921	8.75676615214285	2.0887571561151	5.28015093757558	2.07038102288068	3.07877815367749	1.11170308136631	4.00827592813894	1.61937716551107	1.93576822973878
ENSG00000227681.1	rest	ENSG00000227681	7.14757737689096	15.7873704828324	11.2656932208508	2.15882888598813	6.69960477826639	2.36552936195674	8.68699248791393	2.07465374222128	5.25618106312871	2.08003281137252	3.11475412588999	1.11689894926378	4.0150705530069	1.62300729055743	1.92943814171312
ENSG00000227932.1	rest	ENSG00000227932	7.14723615650435	15.7954554632208	11.252459252357	2.16431461208734	6.65698158798057	2.36528662602242	8.69006735196436	2.07400065689402	5.25956125593181	2.0782761166822	3.1066050811867	1.11691238815809	4.01313861903128	1.62181574303016	1.93122662917197
ENSG00000228223.1	rest	ENSG00000228223	7.08000471172889	15.7379721380791	11.2467986394158	2.17757234407832	6.62730632176855	2.37092796245872	8.68799064774337	2.07310285636398	5.26234114799359	2.08416988646266	3.10944627385032	1.11867392115292	4.01413060095686	1.62271182544443	1.92841455899052
ENSG00000228327.2	rest	ENSG00000228327	6.78190498733835	15.5792775575348	11.2235243010462	2.23649345686885	6.62493580718545	2.38246288887868	8.7022407242416	2.00729363154472	5.26862096656706	2.08327637655278	3.11386550269935	1.10853414611421	4.01178463285093	1.62202361674491	1.92920640772252
ENSG00000228682.2	rest	ENSG00000228682	7.15647994420101	15.7193724932145	11.3176939953496	3.02095155752596	6.81055788255288	2.37787339125808	8.72219844321992	2.06986074311371	5.25374344699212	2.09433572242531	3.11961781211838	1.11189232169437	4.01077308615452	1.61941609079875	1.93372306915125
ENSG00000228709.1	rest	ENSG00000228709	6.49280493064628	15.7767196913004	11.2821911465677	2.15714751801402	6.75507781183128	2.4345445538325	8.69049952603733	2.06977362743062	5.21557308438124	2.06644454561197	3.10061463210995	1.10457847870762	4.01138519923908	1.62348023391467	1.93425081370915
ENSG00000229205.1	rest	ENSG00000229205	7.13948889835728	15.7482911372137	11.2161180292873	2.17757165758173	6.49317778400572	2.36527983076624	8.70396353406865	2.07870615169856	5.26864509606318	2.07843842709655	3.10455867684705	1.11659228241006	4.01166498383836	1.61951713921991	1.93149706407854
ENSG00000229308.1	rest	ENSG00000229308	7.14585059274248	15.6604548562955	10.5727616479133	2.1463040305239	6.91785006516779	2.41272554543714	8.99301547907525	2.03838562215796	5.23757734794045	2.04181588131776	3.08791258420992	1.09683306499987	4.0282201909031	1.63235949771255	1.93086975164853
ENSG00000229656.2	rest	ENSG00000229656	7.14860546951283	15.8034837127971	11.2705901785442	2.15727050220172	6.72318452326352	2.35834450449785	8.68122713264699	2.06695598110967	5.23615902053445	2.11707855855096	3.10101056016012	1.11455810216797	4.0124881861359	1.62726984670556	1.93043153053173
ENSG00000229807.3	true	ENSG00000229807	7.11736007790045	15.5133047135823	11.2351503152408	3.67237528809926	6.43087163879328	2.30430664916959	8.64876629464795	1.99291750984658	4.75760803281004	1.82147965737794	3.03775561244845	1.00262710284504	3.99537524571777	1.54185368766824	1.95629417589516
ENSG00000230257.1	rest	ENSG00000230257	7.140261186483	15.7567139541744	11.2105153523499	2.17494800509371	6.52899150783911	2.36615187435469	8.7061871379161	2.07714513524471	5.2658929671586	2.07773257300328	3.10531496549305	1.1161382448286	4.0121008986705	1.62006924375303	1.93168830914118
ENSG00000230724.3	rest	ENSG00000230724	6.98258898698304	15.6829141529245	11.2537986934845	2.20331836887122	6.64309425782809	2.37252348515662	8.69912575586863	2.04793215258939	5.26475770748068	2.07510856071351	3.10407265744046	1.11639274054691	4.00426005863609	1.62245518309764	1.92820814722445
ENSG00000230937.3	rest	ENSG00000230937	6.3792829754324	15.8649845134359	11.2585258180037	2.21511768317642	6.75933716416304	1.68223028316009	8.76610388596324	2.1199570911504	5.2584367558661	2.07892520838731	3.10555519883694	1.10742227512889	4.02373108508068	1.6245181664956	1.93336114745931
ENSG00000230952.1	rest	ENSG00000230952	7.05779710614158	14.6388956393425	11.6368649620858	2.00373055916412	6.94412733941822	2.38466796599481	8.77142929477776	2.10759774789321	5.31896681836214	2.01595475980675	2.96467867801596	1.12078974796296	4.00536188520503	1.62524634744266	1.94172303972368
ENSG00000231106.1	rest	ENSG00000231106	7.14785548281839	15.812720637085	11.2706186319835	2.15879668932987	6.72181787273217	2.36533026152446	8.68331728934996	2.07259669599468	5.25631496408702	2.07883637969323	3.10875580168165	1.1172481314516	4.01284109442364	1.62240483157345	1.93026471928355
ENSG00000231698.1	rest	ENSG00000231698	6.0221167354705	15.9088576750442	11.2720434564854	2.17458229457491	6.75141504855784	2.48292037173038	8.69808812466683	2.08208243673578	5.27594731123154	2.08917590086898	3.11383189309515	1.11714790151894	4.00952260976984	1.62667145504734	1.93127874732441
ENSG00000232151.3	rest	ENSG00000232151	7.08233089214218	15.7505492661206	11.2245493656135	2.22623416820871	6.72038890902203	2.36831638363025	8.6532242740161	2.08465923502372	5.25760715095946	2.08543734520185	3.11502583679311	1.10394615995719	4.01575704147001	1.62293008398565	1.93493245307182
ENSG00000232271.1	rest	ENSG00000232271	7.15442403522648	15.7745872887824	11.2908955013681	2.55506043114751	6.76197218145153	2.37078936689061	8.70079145566727	2.07100391126889	5.25526461224599	2.08583315174034	3.11252830158293	1.11493309138185	4.01232210601892	1.62119968249893	1.93234318481984
ENSG00000232274.1	rest	ENSG00000232274	7.14234185763676	15.7362722735842	11.285345146603	2.15390054379125	6.72069937142276	2.36500660405958	8.67721239205637	2.06177190817098	5.20745789427668	2.09370704095717	3.10493401250976	1.10526568610597	4.0149815986194	1.62237249209015	1.93271354386501
ENSG00000232324.1	rest	ENSG00000232324	7.13016679350846	15.5679214353	11.3428604859115	2.12581357960576	6.76734104816993	2.36473733610397	8.69631423990582	2.06123627604608	5.23705528642055	2.14203512132645	3.04964586433316	1.1164633074644	4.01539886428337	1.62210233163791	1.9348963891251
ENSG00000232388.1	rest	ENSG00000232388	6.66986544065028	13.6323563209367	11.2410075177647	2.06755411027629	7.19067137633277	2.1659199699296	8.79505600594963	1.94037800626455	4.99215314689679	2.28749951924787	3.04245129998557	1.21853680826438	3.96067780028097	1.51971561004952	1.90694797838463
ENSG00000232527.3	rest	ENSG00000232527	7.1223725348288	15.5920162357438	11.2514876244868	2.15267933242274	6.76105123746865	2.32305920946971	8.65875195294542	2.04416100235412	5.22273582689146	2.06814058299652	3.12980503325577	1.1502788241387	3.96309308945199	1.63062190195448	1.92511322136152
ENSG00000233137.1	rest	ENSG00000233137	6.99718619300557	15.6811088397841	11.2531442543413	2.22116908730348	6.70119752420262	2.36798952473481	8.67513887968661	2.04974321071958	5.23007778831813	2.08800321081671	3.08716456791041	1.11382352290824	4.00395224983509	1.61362850582674	1.92404842890414
ENSG00000233236.1	rest	ENSG00000233236	7.14942396816752	15.8009821189869	11.2670004758596	2.19237410750186	6.70749090849305	2.36577218078291	8.68755919577268	2.07331072016008	5.25650705020661	2.07975440449268	3.11176948223254	1.11630815175903	4.01370907592535	1.62237911470522	1.93082347150773
ENSG00000234147.1	rest	ENSG00000234147	7.12262421980351	15.4678052718786	11.3654124529514	2.1583691548123	6.74973162692015	2.37117533160964	8.71093619752392	2.08515985631893	5.25596799230241	2.06326897186125	3.1051617201196	1.10991306379119	4.01329888007692	1.62231847037824	1.93138751610136
ENSG00000234327.1	rest	ENSG00000234327	7.1390107526615	15.7999676346352	11.2674369607545	2.17001696969762	6.70917617390498	2.36634687705155	8.6854838526328	2.07274753536702	5.25534020186737	2.07988014531407	3.11201252512274	1.11598798707983	4.01358168015581	1.62244260888106	1.93042066307539
ENSG00000234431.2	rest	ENSG00000234431	7.13378396355143	15.7754678262863	11.2036538880136	2.19955658374687	6.72104422395238	2.36946075007833	8.70749839056711	2.06832771514284	5.25194926292632	2.08196990594026	3.10756398442409	1.12164791452773	4.01213152015505	1.62366502837896	1.93422259675283
ENSG00000234449.1	rest	ENSG00000234449	6.79328919783577	15.5568236501593	11.1506709123639	2.40418763170709	6.401478205578	2.31610597248162	8.68302287026033	2.04080539290693	5.21994818485366	2.07256475489233	3.08563808341606	1.09149964240484	3.98082690777014	1.6495223448738	1.91863780613963
ENSG00000234456.2	rest	ENSG00000234456	7.1342369562327	15.7429301016691	11.2561962550762	2.15185478958768	6.74216167511435	2.35894167329195	8.67127911170096	2.07689950010505	5.25149479413794	2.06892582687385	3.08722746830773	1.11639454748266	4.01699974352252	1.61054469529149	1.93127123857859
ENSG00000234722.2	rest	ENSG00000234722	7.14017674564822	15.7555301969178	11.224014096322	2.17688834569896	6.50435948862964	2.3648911939783	8.70039181127257	2.07849337491623	5.26797976717273	2.07883276406684	3.10506123653722	1.11672817870161	4.01160591090552	1.6195861196616	1.9315167435763
ENSG00000234741.2	true	ENSG00000234741	5.84019486766622	14.3752677506938	11.3696904491831	2.49857039928785	6.35863558954305	2.32082831712868	8.74956610041076	1.92248579517001	5.36367836021011	2.09237119903963	2.72688807326817	1.18478292364648	3.97355836338826	1.57725346367088	1.9739477760493
ENSG00000234883.1	true	ENSG00000234883	7.1557358849117	15.7481036688653	11.2909642761661	2.79260065917597	6.7888643650486	2.37434079260714	8.7071706021228	2.07207149804699	5.25636566896348	2.09028534140013	3.11473871611368	1.11155653430857	4.01058420001936	1.6199663869136	1.9334868785896
ENSG00000234978.1	rest	ENSG00000234978	7.13577431041382	15.7171450418479	11.2261488597218	2.1920644037263	6.50350317045932	2.35929860071182	8.68625030796309	2.06534395985567	5.24213856904274	2.07045006806328	3.09623654409136	1.10916441252796	4.01253550660102	1.61811976166966	1.9340116969241
ENSG00000235152.1	rest	ENSG00000235152	6.11922858063304	15.9005639053933	11.2719492805263	2.17364870406159	6.74893897801141	2.4727857423189	8.69683881208083	2.08125980225149	5.27425935564546	2.08828544528826	3.11337127428907	1.11714273728683	4.00988529046738	1.62633125707936	1.93125455735732
ENSG00000235385.1	rest	ENSG00000235385	7.14722810250708	15.8075245309187	11.2660241768051	2.1679816088896	6.71942819212569	2.36434010361578	8.66753137877024	2.06062177452202	5.19193165257864	2.04374484253301	3.09996832464861	1.10280594826677	4.01341900422814	1.62007568553188	1.93524842332039
ENSG00000235398.1	rest	ENSG00000235398	7.01047813611166	15.7603077982087	11.2668806389264	2.24695994416889	6.72571574114095	2.36246643973938	8.66386993826721	2.07824345790125	5.25837863410417	2.08273718468043	3.1198848891326	1.10766914792427	4.00644520098891	1.6183201037484	1.92976066204507
ENSG00000235576.1	rest	ENSG00000235576	7.15157156600409	15.8005300649566	11.2772504210633	2.28735659005354	6.73507249138681	2.36695713607253	8.68901370334335	2.07204515779765	5.25599926873586	2.0810433847904	3.10975950440049	1.11640719893374	4.01328923346997	1.62223932757057	1.9314227647647
ENSG00000236094.1	rest	ENSG00000236094	7.03314277816135	15.8225564456482	11.2702417553629	2.16122191228937	6.72541558121939	2.37713142573394	8.6835817589121	2.07340496002472	5.25771552505901	2.07969949813042	3.10899008335194	1.11795510391794	4.00781176753761	1.62110264075097	1.92701557439186
ENSG00000236537.1	rest	ENSG00000236537	6.86462685763755	15.4253712372896	11.0732827550534	2.27598852404451	6.53072665641797	2.38797277305465	8.61283723145218	2.0707371631099	5.14083313689274	2.06307931874686	3.12121897072273	1.08236166569304	4.02722325840067	1.62603243149338	1.94290024455256
ENSG00000236673.1	rest	ENSG00000236673	6.37095670430627	15.8778609037997	11.2720224603814	2.1695083966131	6.74260225676523	2.44650186280699	8.69363164760397	2.07921789127137	5.26982797204314	2.08597537952258	3.11252520727486	1.11713057529867	4.01082510385901	1.62545255022679	1.93121353255137
ENSG00000237188.1	rest	ENSG00000237188	7.11180812019012	15.7747608407499	11.262703519325	2.18601898481262	6.72466545830801	2.3685971300373	8.67605802955952	2.07212245002609	5.24673123650201	2.07459681580815	3.11111521000883	1.11189565081388	4.01574130804645	1.62330613664426	1.93157316442258
ENSG00000237372.1	rest	ENSG00000237372	7.12538332605015	15.8005930435161	11.2784301389867	2.31025279860308	6.73802151626666	2.37003945502977	8.69034986101023	2.07218097449057	5.2563965181972	2.0816908407231	3.11011904636544	1.11628392584304	4.01310872932578	1.62224398208	1.9315071964123
ENSG00000237643.1	rest	ENSG00000237643	7.13266548456886	15.6901839008287	11.1905806322864	2.18261816768424	6.40043430022277	2.36636493733407	8.71790393492124	2.08493009899077	5.26845645280268	2.08201707583274	3.12802906860843	1.11294186575076	4.01338661459607	1.61875521384493	1.92863563526288
ENSG00000241860.1	rest	ENSG00000241860	6.73459895004401	15.67805051712	11.2061536693954	2.22481650756461	6.54413699942315	2.3878645520588	8.707106716623	2.03094383849362	5.26876293306318	2.07316787328699	3.10470341542506	1.11066747790093	4.00750482651548	1.6231309587953	1.93190292744377
ENSG00000244342.1	rest	ENSG00000244342	7.03833611953469	15.8224235230571	11.2708478111691	2.16094350004846	6.72510014142921	2.37680388780912	8.68476910304802	2.07343616519133	5.25801174783497	2.07963313921841	3.10893282397262	1.11705309224308	4.01333057249734	1.62311336101978	1.93103120029779
ENSG00000244879.1	rest	ENSG00000244879	6.98979163412031	15.6487366095293	11.2757433062112	2.18884944144077	6.67424094242736	2.37207719163387	8.69377989454225	2.04994253723642	5.25172114916195	2.09252978593836	3.10197111701651	1.11073306765946	4.01905342347592	1.61343143549501	1.93305234346672
ENSG00000245532.2	true	ENSG00000245532	6.63860629443175	12.3817386598498	6.57040404304019	2.36315959752939	7.8580345281591	2.4187366359013	9.64392795132244	1.31689820045025	3.35176453360973	1	2.41844723059887	1	4.30495847350055	1.69288506484269	1.68981892348973
ENSG00000245694.2	true	ENSG00000245694	7.14925698979882	15.8096625834727	11.2696975137835	2.16033146515312	6.71703252314625	2.36486503517669	8.68332325854048	2.07206107633503	5.25560640073651	2.07913827459118	3.10731073785001	1.1181466487271	4.01412032023183	1.62309524764635	1.93076290209323
ENSG00000245910.2	true	ENSG00000245910	6.9409473580848	15.5087125871205	11.3107373283124	2.20788294206813	6.67529557782373	2.3713002884073	8.70070051581596	2.04947129124299	5.28068254803007	2.07762493154991	3.04718699851388	1.12062518142552	4.0128259081916	1.61369989377707	1.93776808783407
ENSG00000247516.2	rest	ENSG00000247516	7.11129164881781	15.7279994582068	11.2753095560551	2.15289052787966	6.70125055181701	2.36555081220881	8.68190421270079	2.07305353958192	5.25334841231363	2.07629788748576	3.11013527634531	1.11644445836105	4.01431165724568	1.62465440626964	1.93216906268758
ENSG00000247556.1	true	ENSG00000247556	6.38745094083704	15.5384003688156	11.2061511989677	2.34699266185682	6.56417055246909	2.3843666880471	8.71817784494115	2.07367035962431	5.24267115588521	2.1019872843544	3.0987914992932	1.13591548100268	4.02036922278272	1.57154073428359	1.94522886650857
ENSG00000247844.1	true	ENSG00000247844	6.44453983482221	6.8485730975255	14.0547541433843	1	8.4089404003714	2.51316312050033	9.36173192013679	2.37065176843295	5.65136597735003	1.67358556400873	2.33734263949908	1.09742839849831	3.97029516428411	1.64384876355881	1.98316912547959
ENSG00000248103.1	rest	ENSG00000248103	6.92798525721275	15.7766418942329	11.2434990311783	2.17193898707266	6.6412400718501	2.38615792489724	8.66220195518441	2.04937152820138	5.14034903504486	2.00832265518351	3.08454412639983	1.08966720700931	4.01204421974094	1.61684835666623	1.9399503375648
ENSG00000248329.1	rest	ENSG00000248329	6.87328503493536	15.8361804701397	11.2712094004013	2.16623043181243	6.72969568782989	2.39408951295072	8.68713065655838	2.07487283210056	5.26115310912327	2.08136817194437	3.10979289261951	1.11710356891612	4.01270206009695	1.62369032984708	1.93106614469483
ENSG00000248596.1	rest	ENSG00000248596	7.14467592759094	15.7990385602359	11.2673296974485	2.16029973100165	6.69696219480912	2.36519846573163	8.68516366708677	2.07134521033365	5.25849793338092	2.07799546212232	3.10622394155187	1.11692930729141	4.01308260468562	1.62222093249984	1.93103294569455
ENSG00000248810.1	rest	ENSG00000248810	7.11644019416729	15.762939772233	11.2245342214366	2.17616758656466	6.52216549085503	2.3673228135297	8.69736903230742	2.07782775293176	5.26656839417086	2.07983915738158	3.10356496444658	1.11972110311886	4.0130142394798	1.62078245553605	1.92902100671192
ENSG00000249069.2	rest	ENSG00000249069	7.14885248749066	15.7974195290773	11.2662146353676	2.22015746402762	6.69020473867208	2.3633817440032	8.68887525870399	2.07371735684007	5.25800094337492	2.07997086949441	3.10858111990844	1.11657715347762	4.01266849659169	1.62336631364342	1.93126780193357
ENSG00000249152.1	rest	ENSG00000249152	6.50118450443456	15.8681457904667	11.2714712971738	2.16786644317977	6.73898760780876	2.43289212287967	8.69183194867959	2.0780322702771	5.26762576485299	2.0847451856658	3.11153765841297	1.11713404354129	4.01131947684568	1.62500132169637	1.93115215395813
ENSG00000249430.1	rest	ENSG00000249430	6.408366904969	15.8744341142175	11.2706340577504	2.16925302346346	6.74123215705149	2.44146943839746	8.68933096579918	2.07493319027644	5.26229721793056	2.08488995309359	3.11134034131724	1.11711952972598	4.01227867822228	1.62602875811854	1.93008861005907
ENSG00000249790.2	rest	ENSG00000249790	4.82509015514958	15.9854617544776	11.2685540469893	2.18935409805664	6.78920263866944	2.60073200995729	8.72057083446752	2.09188137435995	5.29636928920663	2.0983199747664	3.11747336270146	1.11766964044669	4.00187830986742	1.63483768909367	1.93234314442031
ENSG00000249859.2	true	ENSG00000249859	6.84494925240166	15.5456566234901	11.155787197239	2.25298992528944	6.71304740420577	2.3362052970149	8.66863400903314	1.79773600393464	5.30324819370618	2.09142072771628	3.09243212422998	1.09294406898526	4.02963851497807	1.61578406429087	1.93157317393905
ENSG00000250271.1	rest	ENSG00000250271	7.14971677561294	15.809600051317	11.2672108288071	2.15794232803562	6.72227950401328	2.36455895498437	8.68099101118468	2.06378821542676	5.23406975145189	2.12528808227252	3.09486839497595	1.11612793538389	4.01552658840069	1.62482377626329	1.93112409487166
ENSG00000250337.1	rest	ENSG00000250337	6.90673495939139	15.4148755574661	11.3891466362957	2.1620100718883	6.79104084901894	2.39316055328154	8.71128760234959	2.07809203356755	5.23255494552052	2.14041257674922	3.09668076844884	1.10703743783739	4.01630487840805	1.62707298765917	1.93039709526275
ENSG00000250666.1	rest	ENSG00000250666	7.1492322410193	15.8075845158119	11.2663274879284	2.16061978937742	6.70026035147362	2.36506334209344	8.68487330716374	2.07312517006575	5.2575666527835	2.07873838266065	3.10789287914076	1.11712107894093	4.01351825667363	1.62241795454033	1.93105413006042
ENSG00000250742.1	rest	ENSG00000250742	7.14250929600979	15.8036231611549	11.2627339325769	2.16549765401609	6.72210479672391	2.32200025366819	8.66216598561965	2.06086220328371	5.18370792078236	2.04636941288014	3.10324540240629	1.13164156203306	3.99400682357542	1.58882932640522	1.93029722654951
ENSG00000251002.2	rest	ENSG00000251002	7.15117781762257	15.8034286102593	11.2754653142406	2.25547337180706	6.73124874127278	2.36648816187797	8.68743979829506	2.07201027972151	5.25529205418653	2.08026079942357	3.10926482397407	1.11643906585937	4.01338817925565	1.6223261534615	1.93139100938681
ENSG00000251129.1	rest	ENSG00000251129	7.10738105817635	15.6706364795306	11.1588477593545	2.20763150349339	6.19551898927946	2.36002180458419	8.71262123566446	2.04265321734852	5.25203897504318	2.16821032308459	3.0775906932629	1.11053798714055	4.01165361965887	1.61846037492515	1.93354936325301
ENSG00000251138.1	rest	ENSG00000251138	7.14025186767296	15.7662105407097	11.234607171062	2.17511473135495	6.54733901530059	2.36502572236236	8.696159728351	2.07710760696623	5.2647545977417	2.08134163674993	3.10521544261994	1.11662978880529	4.01205040011764	1.62027744580449	1.93150013373566
ENSG00000251273.1	rest	ENSG00000251273	7.0974272114991	15.5382896502767	11.2939671065018	2.13310084284751	6.76828279052949	2.3627008915301	8.66504487610304	2.07868403497992	5.22874299753269	2.06692707096397	3.10823076406381	1.11575575327444	4.00478738071646	1.62486807319121	1.93136080375706
ENSG00000251381.2	rest	ENSG00000251381	7.12199165715807	15.5591372572161	11.3071510013874	2.14585468728582	6.61699727185167	2.33292947603733	8.7148061519564	2.08862130031613	5.27247806545758	2.06807769200269	3.08624437856076	1.11461945185779	4.00389326063842	1.64120940795486	1.93283214734227
ENSG00000251434.1	rest	ENSG00000251434	7.14981888312856	15.810525601166	11.2678384094518	2.1600679615829	6.71378767407443	2.36518088375977	8.68449465475577	2.07271865035474	5.25680474935932	2.07869084548692	3.10818761176535	1.11708118458047	4.013681329198	1.62262408890504	1.93101181003767
ENSG00000251562.3	true	ENSG00000251562	2.41414711977718	1	1	5.74851623215603	1	1	1	1	1	2.0105258956228	1	1.07121857754459	6.74050971296199	1.87470350391129	1
ENSG00000253394.1	rest	ENSG00000253394	7.14103449805993	15.7609066948605	11.2282817355283	2.17620147310149	6.51738356801359	2.36475476298482	8.69844086368692	2.07803824094848	5.26750019509943	2.07876837554136	3.10429721903393	1.11696908417717	4.01163903701151	1.61975499086115	1.93158135330011
ENSG00000253522.1	rest	ENSG00000253522	7.15146815702893	15.7588380798841	11.2859443052829	2.55636152701792	6.76729632766303	2.37183605274742	8.70543564650067	2.07136504124956	5.25478886969981	2.08537453630508	3.11376442323012	1.11404423483746	4.01260316870952	1.62134293239748	1.93227724579145
ENSG00000253659.1	rest	ENSG00000253659	7.14932195860043	15.8115887882746	11.2695721633113	2.15927084316167	6.72093641223019	2.3648813823513	8.67671184902999	2.06786613384455	5.23124011187364	2.06494329030074	3.10498617946979	1.11158182578895	4.01362283756667	1.62158157422553	1.93266659426605
ENSG00000254166.1	rest	ENSG00000254166	6.97034610161669	13.5257160459583	11.9910588406008	1.8940768283545	7.16258502446617	2.40319947557653	8.85282536076457	2.12138391181347	5.41866865441369	1.92813995421615	2.64578492750276	1.14999720895907	3.98589184162836	1.62741634820783	1.96876283002577
ENSG00000254277.1	rest	ENSG00000254277	5.94477394681151	15.9154303791349	11.2721358283785	2.17566653089547	6.7534213887579	2.49099715027511	8.69909814898602	2.08273631326169	5.27729077794871	2.08989121484284	3.11420228434176	1.11715013881125	4.00923251571739	1.62694108865486	1.93129918510923
ENSG00000254337.1	rest	ENSG00000254337	7.14754599602544	15.8079661683031	11.2671845045717	2.15954920562193	6.72046980098666	2.35546947645185	8.66516887835596	2.01282594679414	5.24053611727177	2.06007128093449	3.11263823899107	1.10560221304928	4.01646020010948	1.62153744026912	1.93187138029826
ENSG00000254339.1	rest	ENSG00000254339	4.4918805604437	16.038807412412	11.2739198957947	2.19699234393737	6.79120726947441	2.64273516813124	8.71811386282417	2.09501582024111	5.30252550619184	2.10334570992981	3.12117008644121	1.11718689079419	4.00377956497815	1.63200250220658	1.93168640835863
ENSG00000254934.1	rest	ENSG00000254934	3.8646545377096	16.0917693715692	11.2747181113641	2.20501472194445	6.80732446585301	2.70822289003032	8.72629564082698	2.10027409701372	5.3134540254512	2.1092132442248	3.1237461600935	1.11725192760411	4.00140906521622	1.63419613291378	1.93188552117372
ENSG00000255135.1	rest	ENSG00000255135	6.9544166651645	15.6507666921583	11.2723918333691	2.26203175443545	6.64590953349263	2.38211765164188	8.69346553307736	2.05183718938135	5.2509353203111	2.09294659302315	3.11915777121067	1.1118152045016	4.00983514084434	1.62079525672404	1.92667561572275
ENSG00000255717.1	true	ENSG00000255717	5.85894782419186	14.3331344298149	11.2593659533736	2.4742374974397	6.40830810393225	2.45101012573477	8.87496417264549	2.091787432079	5.16779011930182	2.25999838795204	3.44729718494299	1.02473480764967	4.03787335381852	1.60401350493535	1.88256453529486
ENSG00000255794.1	true	ENSG00000255794	6.66480892920964	15.853367300455	11.2715607586277	2.16714732451714	6.73502545040697	2.41583827663522	8.68983157411926	2.07672768871356	5.26466413671314	2.08334558799908	3.11132649929427	1.11703023650416	4.01196295391603	1.62442671239011	1.93106222055893
