gene_id	withinSubset	lncRnaName	Comp.1	Comp.2	Comp.3	Comp.4	Comp.5	Comp.6	Comp.7	Comp.8	Comp.9	Comp.10	Comp.11	Comp.12	Comp.13	Comp.14	Comp.15
ENSG00000088970.10	rest	ENSG00000088970	71.1514549130635	18.9622089993675	17.9880753600641	9.97912765394614	5.85529324898045	4.16778893669426	5.74721415733942	70.6757242517789	7.9082681258454	6.4301565445027	4.70953829418759	14.6628256745178	78.2804080207464	80.4813979362263	3.20809532013474
ENSG00000100181.14	true	ENSG00000100181	71.2980020572334	19.1386352018865	17.9112425700163	8.89323589548068	5.67214008400742	5.46122131667098	5.95400866501833	70.6063990239808	7.59112539839572	6.5872866576626	4.7895680811189	14.5785838881505	78.3029726317673	80.5142574322547	3.186143170466
ENSG00000104691.10	rest	ENSG00000104691	71.2002254900493	19.0652615270456	17.9511783344874	9.6912517478173	5.78650088983981	5.02465668483256	6.30677287811241	70.6950690501592	7.54224816254666	6.40455059111632	4.69129633091192	14.5685731966673	78.3245312181889	80.3675136270139	3.17590581794831
ENSG00000126749.7	rest	ENSG00000126749	68.9027034563199	18.6340911593804	18.1353846655351	9.79040490532556	5.43176441912211	4.7655263416932	6.64045405975731	71.0960227959852	8.12082804449055	6.10211209342907	4.49415344857095	14.8193638324065	78.4528550228958	80.573498793151	2.86289506262871
ENSG00000130600.9	true	ENSG00000130600	1	21.0463604675578	1	53.1584113342291	33.0609308971966	6.26874417158376	47.7273034658581	1	58.1321594132857	22.3282589230172	182.252574117599	1	1	1	24.2903309131298
ENSG00000142396.4	rest	ENSG00000142396	68.7189726227544	19.1757179144892	18.2919180391336	9.55069201641659	6.05750720258779	4.54126690173276	6.89810063878666	70.8213381235457	7.41555735326861	6.41941873064058	4.85020514639264	14.6022284651126	78.330006625812	80.4946433162579	3.1985894366509
ENSG00000170846.10	rest	ENSG00000170846	70.8744293097677	18.9047415394915	17.9991809732536	9.27474673245286	5.83428937815333	5.19555801137214	6.04153825540291	70.5065470366019	7.51388779401157	6.59470582807189	4.91465015828268	14.5445882489212	78.703718382126	80.3845911607679	3.22408289701094
ENSG00000172965.6	rest	ENSG00000172965	66.379003761105	19.0844473269664	17.0635797368061	11.755660742724	7.83095117587804	6.15466744044072	2.92918111960633	73.6434805561919	7.70112856713218	5.00971021230093	4.87069011943374	13.8510231002563	78.9194112352513	81.2022839521385	4.22099457758367
ENSG00000175061.9	rest	ENSG00000175061	43.5867959636101	14.3747820755123	20.6398673899306	12.3741596362852	11.9226035096279	4.96219596850797	1.50551727822876	70.5531818699553	8.50467263664081	5.7046164989684	3.98281590790729	12.8583041542019	79.381401678353	80.8718042177614	1
ENSG00000175772.10	rest	ENSG00000175772	71.5123623176654	18.9911239793644	17.9018150117594	9.91497950541673	5.69820792174141	4.88421517581211	6.56388395919832	71.030754944485	7.25914778195344	6.66176783885417	4.92685321763679	14.7780385220784	79.045226242445	80.3011617164228	3.20051266562805
ENSG00000180712.3	rest	ENSG00000180712	71.6742450571963	19.9860862914429	19.8604810377721	10.154728390052	5.90522937092657	5.06991716789183	6.34039786220086	70.7424176402009	7.47000506652912	6.34130665864356	4.70301535756022	14.6069255944761	78.3695420848675	80.3848799285331	3.20732782755814
ENSG00000182165.12	rest	ENSG00000182165	70.4997844243264	18.9224250960568	18.1309759393417	10.3809411322746	5.69599599021045	4.86771126212107	6.07865361254147	70.8850755896266	7.14070270999523	6.30661493819406	4.7604052266911	14.7591002443828	78.3321698185173	80.8465963041095	3.37444673557135
ENSG00000185044.8	rest	ENSG00000185044	71.6522124753346	19.0556703918778	17.9305795461406	9.64678949970124	5.69411971013967	5.12671545086306	6.26139708102128	70.7072941597031	7.45143989702878	6.38313815558788	4.7019560674998	14.5876033083118	78.3453070572965	80.3991856218071	3.22282388831386
ENSG00000185433.4	rest	ENSG00000185433	71.7606383362944	19.4795710041086	18.8513894291455	10.0374692866139	5.78516913940011	5.07524661181627	6.37162913944794	70.7760190045917	7.5007136920606	6.33806901801474	4.68810872026641	14.610589250101	78.360288155606	80.3890707637469	3.20694764714795
ENSG00000185495.6	rest	ENSG00000185495	71.4516154028196	19.0415528428497	18.1393895805642	9.46775406035549	5.86268339149943	5.07923790399224	6.10258441384938	70.6800558388903	7.51594397756288	6.4431229948608	4.71300051209692	14.5832406175774	78.3784853778609	80.3848234836677	3.20137444537708
ENSG00000186594.5	rest	ENSG00000186594	69.3606246780219	19.054451264191	17.5601184284465	10.9397911673735	6.0056999528573	5.25376925188564	6.54866942291824	69.965092531931	8.08484699083833	6.48150003079781	4.76002122386435	14.3088301585868	78.4276441593065	80.1039824576985	3.15092292675066
ENSG00000187156.4	rest	ENSG00000187156	71.6571449354715	19.0504222201327	17.9087568613077	9.59437993041103	5.63644940039416	5.1277241242227	6.21494051596893	70.6429479960507	7.28607320949038	6.30521357441258	4.71033725236459	14.5974001190349	78.2896584408124	80.385366221818	3.22595360283938
ENSG00000188338.8	rest	ENSG00000188338	71.639061997296	18.9541674701802	17.9132735100985	9.95185990745665	5.78189122554836	3.40497750084791	5.19443954808487	70.760664356022	8.08119332208357	6.41853925954325	4.72168422230557	14.603083755626	78.3145536093111	80.3847443199662	3.2578912768513
ENSG00000189223.6	rest	ENSG00000189223	70.7604672067769	19.1269318329428	17.9509361713182	10.0961566126381	5.96241761699085	5.37771840682004	6.1748971939576	70.7662200579718	7.6106904092242	6.53139798178352	4.98435674164879	15.0654543505678	78.3951954099017	80.1093557614902	3.17039676279899
ENSG00000189229.10	rest	ENSG00000189229	71.7250270022306	19.0407507589443	17.9328052554351	9.66046455642544	5.74788950138997	5.10536461566387	6.32620532505076	70.7696406780591	7.53775717860902	6.33896833673457	4.6832091873286	14.612758220733	78.3441184244726	80.3930955857009	3.21636005633154
ENSG00000196756.5	rest	ENSG00000196756	70.3602583271218	18.7535916555807	18.0743920402644	9.85245309207539	5.76643137955718	4.8233802753534	6.38253558336355	70.9907819157005	7.47635878258115	6.71760365843325	4.9726108275391	14.3296793902863	78.2422230559026	80.3785289335405	3.12573601804111
ENSG00000203279.2	rest	ENSG00000203279	71.6555464251896	18.5996937284218	18.1409977944534	9.83422152265222	5.71496288442914	4.92888132370039	6.3153832817434	70.7917551847508	7.53843760716206	6.31140317999131	4.68126577925265	14.6011948109743	78.3368044743452	80.4208350090258	3.22370245858117
ENSG00000203499.6	rest	ENSG00000203499	71.3891997771847	18.9858663665937	17.939098752175	9.84485389741475	5.41053455832578	4.92083935225596	6.59746444811039	70.9806016987343	7.51264734379836	6.44785188506883	4.95818295534927	14.9351422143404	78.9574160054526	80.4654889796187	3.22093094758885
ENSG00000203875.4	true	ENSG00000203875	63.6580885880004	19.2420296280889	18.5422790679985	8.51774496885847	6.74319507001393	5.33188929380238	5.38570676741495	69.6236208998911	7.05398117275729	9.17378929495598	5.59412503436779	12.6992956416577	78.4232224806907	79.8934463548256	1.69241352756123
ENSG00000204054.5	rest	ENSG00000204054	70.728217452132	19.0452936646356	17.7618605498805	9.8958347880906	6.12146358560198	4.82222891084686	6.17914907354508	70.8010565890791	7.22000814240627	6.10546204639005	4.7175519530507	14.6111940586931	78.356060527106	80.3047112911719	3.07796060704246
ENSG00000204272.5	rest	ENSG00000204272	69.1855747434044	18.7377810981249	18.0339134590809	10.6534842279207	5.62110679181649	5.02910760648672	6.66311687582591	70.8842942993595	7.26574335014002	6.5684927074701	4.70517544036262	14.4861586727816	78.1895296318588	80.2718449233915	3.39276917383221
ENSG00000205662.2	rest	ENSG00000205662	70.6295900682102	19.1498338477566	18.3198598251862	9.48075498600242	4.95636015762558	5.1714171531446	6.07146812698674	70.6466780212887	7.24521010375903	6.15565187681682	4.51227625290041	14.5159022407445	78.3813347795864	80.2642043549533	3.25671175005924
ENSG00000205663.4	rest	ENSG00000205663	69.0415948681792	19.2583537712903	18.7949152879685	9.08500146438907	3.80850638073367	5.32869993347346	5.77623189296976	70.9321643241207	7.50903150601969	6.10572262259346	4.43307119472315	14.5385850381386	78.454372124084	80.1549400261595	3.26311615917867
ENSG00000212978.4	rest	ENSG00000212978	70.4384960601194	19.0452332368094	17.8689030191578	10.3028401106359	5.50247392354961	4.99527540703575	6.56024593374978	70.7448594105153	7.66953127470877	6.27250132305431	4.88416620483884	14.3377032051146	78.4025236553943	80.6803570340838	3.14723168893434
ENSG00000214049.3	true	ENSG00000214049	70.4546973371961	19.3522474693865	17.8838378378499	6.77295287335436	6.81078088528936	5.06411842565598	6.67653806218946	70.7177329532559	7.8145946474216	5.64801611159423	4.60169131617897	14.7330003812808	78.288679152237	80.4058001848479	3.28894230191416
ENSG00000214548.7	true	ENSG00000214548	69.1049728890784	18.9392451024046	17.3317084136584	11.665993847929	7.42797837605373	6.01615887031581	5.58409472196238	70.9982846392021	7.44434924103157	6.40134120550994	4.09736699619724	14.9560385413711	78.2839678029181	80.4756248927887	3.44654917697065
ENSG00000214719.4	rest	ENSG00000214719	70.7761155193768	18.7986160653147	18.0483337517878	10.2461507215203	5.91037291970874	4.60103182753891	6.08262043498626	70.9260183301673	7.46017727575955	6.34668786815602	4.77712738537581	14.4132060928366	78.2602753560861	80.450335579389	3.19048003775849
ENSG00000215417.4	true	ENSG00000215417	71.1024309807421	19.1874953368206	18.1418533969444	8.12037785286161	6.0387546848465	5.5535238197572	5.77708951603028	70.4698482724889	7.48702295090525	6.63923444353216	4.805834294408	14.5413521827297	78.3155870348174	80.4184314484578	3.22542933659674
ENSG00000215447.3	rest	ENSG00000215447	70.7782218513016	18.9177328101985	17.8227505924671	10.2474787666822	5.87362903788267	4.93337669708761	6.20112729187515	70.459660916959	7.15960098455892	6.21031505633521	4.82776628906661	14.7794803636639	78.3355588911335	80.2697258417317	3.21189388237503
ENSG00000215908.4	rest	ENSG00000215908	70.9336218498521	18.8762412817701	18.0112093410379	9.67958524151391	5.92921889402911	4.78204253525235	5.52746331533736	70.9736436155531	7.3627197791392	6.21464769026783	4.84012876178521	14.6026442903161	78.3414870000089	80.3847381523904	3.1381260512182
ENSG00000222041.5	rest	ENSG00000222041	66.0535548843624	19.1364306058618	17.2655376188987	10.5920951696842	7.90983974131603	6.06356010897532	4.80474602235239	70.4422955572417	7.80833491578452	7.26397284572451	3.50752463405752	16.4477368704907	77.6215706500536	80.0823826436191	2.68062098725558
ENSG00000223380.3	rest	ENSG00000223380	62.2589043231322	19.467426721508	17.3178242660115	13.0149402148457	8.82187499486879	5.91554809466619	6.4785897833871	66.6072785462483	8.73025048143429	5.71014827932659	3.84198926676111	13.9370257756668	79.9332234687738	80.0094708523288	3.14121609970436
ENSG00000223414.1	rest	ENSG00000223414	71.2940596985929	19.0504981035285	17.891837466337	9.37330237621969	6.25546196816887	4.44958156260738	7.31696734637782	71.2533669709287	7.48650666843287	6.00877226917977	4.38421065678193	14.4604086560039	78.2896400208403	80.2221511502434	3.29919050772936
ENSG00000223477.1	rest	ENSG00000223477	71.5830578206612	19.0083048414628	17.9091434838775	9.89810969384729	5.6736906531764	4.91363791140233	6.5926132379678	71.0130763498922	7.38109658698205	6.63326856087927	4.57551458700982	14.4134610007563	78.2838328472934	80.3651814439745	3.2082751229976
ENSG00000223573.1	true	ENSG00000223573	71.6046031852696	19.0059756590201	17.9275425293688	9.89540987706685	5.52705058271281	4.99076025393164	6.48993664630922	70.8983554698283	7.50433009509656	6.40039982819925	4.82685805758231	14.798424963622	78.6996007494466	80.44534998917	3.211583544499
ENSG00000223745.1	rest	ENSG00000223745	71.30228056636	19.2082277169269	18.3042023810506	9.65484609328398	5.72533470596195	5.04132447409421	6.1489112643587	70.6207291572351	7.18146716608581	6.34670404703057	4.69099404585045	14.6141459802088	78.2799158852999	80.3573967061743	3.20625753227006
ENSG00000223768.1	rest	ENSG00000223768	70.7797407885384	18.9152351899934	17.8495761155381	10.1432413777122	5.96845833307856	4.86410635371122	6.19069713950127	70.5593351783353	7.16247989634492	6.15864773325751	4.77444315945522	14.6795418266078	78.5863388956757	80.2877033879748	3.3306727560594
ENSG00000223808.1	rest	ENSG00000223808	71.7904564355803	19.0037525973631	17.91117655019	9.92310289378581	5.67995297897849	5.01944054529224	6.42616864578902	70.8183645443725	7.44506037676228	6.4102773928838	4.81337977542103	14.7426440556528	78.6701484570543	80.376163702143	3.21195549911257
ENSG00000223812.1	rest	ENSG00000223812	71.7311344386099	19.0377570161673	17.916963992976	9.67208558347996	5.68977588973578	5.14398711713	6.27045021873953	70.7281552419066	7.4689134389577	6.36954026095872	4.69978021561847	14.6024652889307	78.3319565093754	80.3957854009904	3.21108838812414
ENSG00000224032.2	true	ENSG00000224032	70.0558623554451	17.7238574049632	18.710348025094	9.96522733633996	6.47812060825412	4.89210949785467	5.92199165555019	70.8905291597082	7.10537467785825	6.74496653717358	4.46485815757652	15.0828857678937	78.2090878788273	80.2137276286453	2.88927275097023
ENSG00000224137.1	rest	ENSG00000224137	71.7236727953776	19.720114085947	19.323111464321	10.0921682496172	5.84038092379661	5.0777468727212	6.36165162473663	70.7594657216806	7.48634734354851	6.34037392246311	4.69394431962589	14.6090390338252	78.3642384215241	80.3874323561639	3.20683722474043
ENSG00000224818.1	rest	ENSG00000224818	69.8679562976252	19.0266329154625	17.7984921914384	10.6090572372035	5.42039497150174	5.03906540079352	6.61712106704063	70.4076019583797	7.88309120117538	6.54127161166483	5.21111971927725	14.8867226624883	78.1739773873712	80.3226278831364	3.34669358462219
ENSG00000224930.2	rest	ENSG00000224930	71.4911480016293	19.034343389225	17.8801817938071	9.73226735284684	5.98803941985463	4.82475311162151	6.87206821887675	70.8106611006475	7.72254782087251	5.98620886771388	4.94772685946875	14.6559752703117	78.1981469178161	80.2907772015422	3.27318643959132
ENSG00000224959.1	rest	ENSG00000224959	71.6262290270523	19.0058251495183	17.8736051229391	10.0047013290592	5.86403918297795	5.19084188059285	6.11284101632961	71.1305307574518	7.46119344303657	6.19793106202436	4.78142597606877	14.5328508432456	78.3717935887583	80.3697573456092	3.2250210260538
ENSG00000225135.1	rest	ENSG00000225135	71.3683366752772	19.0852394499977	17.9158438194535	9.54985583215562	5.80825466226891	5.20155146921077	6.18387647948035	70.5815562908422	7.49538969843185	6.42548209966771	4.67443195179151	14.5628757796707	78.4148077415856	80.4189375655956	3.24479752315906
ENSG00000225210.1	rest	ENSG00000225210	70.9237964739156	19.1261748229992	17.8226029409972	9.37244351963057	5.74049515975676	3.54177439916665	5.86522573415696	70.5822613418563	6.77100613681309	6.29937378045541	4.84666998311102	14.5211774402005	78.6504620057676	80.1965710359542	3.32131168728865
ENSG00000225746.2	rest	ENSG00000225746	71.7141729194826	19.0028719660818	17.8922289547907	10.0096109892703	5.75976197009329	5.12014166923514	6.34498437044082	70.8139784548331	7.52641972205941	6.32124570737369	4.63950774256376	14.60923846259	78.3703327919818	80.4123605060229	3.23716696544914
ENSG00000225760.1	rest	ENSG00000225760	71.3135391001004	18.8912869838932	18.0149026364584	9.63122385902084	5.79085621332951	5.19459330319551	6.06415360866547	70.8417176032549	7.4906506590933	6.33420569656538	4.7708384279533	14.5660702802006	78.3570118429343	80.4026311644165	3.18306126482538
ENSG00000225791.1	rest	ENSG00000225791	70.8750543992775	18.9739704495763	17.8932287521889	10.1707781113507	5.93403835777925	4.94425286220084	6.30057361144425	70.404868604193	7.36561885366237	6.31958403954765	4.71121901526888	14.6746814408477	78.316714025513	80.2759876931509	3.11808265777547
ENSG00000225873.1	rest	ENSG00000225873	71.7036829200657	19.0552845063375	17.9306264046864	9.59695175999173	5.72651316575729	5.10502950113103	6.1764852874358	70.7283085154242	7.5245565801459	6.40404798427216	4.71013337022145	14.5954946278093	78.3351407056672	80.4008203921354	3.21005346560327
ENSG00000226007.1	rest	ENSG00000226007	71.6233065930101	19.0254871096985	17.9643409587721	9.95517977433955	5.75350797473456	4.95227260272347	6.50532124321768	71.026545810296	7.3083443255493	6.64809607353964	4.63703279578913	14.3676875449067	78.3260341958218	80.3484883281281	3.20939845418273
ENSG00000226363.1	rest	ENSG00000226363	71.4787895054872	18.9940791906238	17.8268747089494	10.2035281963602	6.07017851246454	5.44462845729309	5.79053694975736	71.7414983417706	7.31339652597981	5.87117169117194	5.00694447437012	14.3424352156362	78.4451900817687	80.3454274735164	3.18018652583883
ENSG00000226453.1	rest	ENSG00000226453	71.7074981504367	19.0120700499291	17.9439536282361	9.88699756800845	5.70308237349509	4.54094889692065	5.98185516832674	70.7764492951862	7.70885010526545	6.38762094202275	4.70992816778308	14.630023403535	78.3868167446921	80.3865772075704	3.223690871881
ENSG00000226900.1	rest	ENSG00000226900	71.6939064455746	18.9628752170751	17.9151786009619	9.97145767355881	5.7153295754274	4.63418102281289	6.06989636525946	70.7301169833404	7.57600778992772	6.3282445781789	4.64475105389448	14.6597340239334	78.3249694938705	80.3785151373943	3.1708752753144
ENSG00000226950.2	true	ENSG00000226950	60.065411557901	1	28.2445685133052	7.9816151286798	8.69198480463659	5.88724306781989	1	74.3587998597482	7.8593941476492	4.02409916128958	7.51106558489157	13.6983349067615	79.0511304921415	81.259726414382	3.84216545648993
ENSG00000227036.1	rest	ENSG00000227036	70.612951694014	19.0775403502893	17.9723854605154	10.0267847622039	4.85859343750807	4.65808244698711	6.54062322845391	71.2726350589982	7.64234197869045	6.84755464460774	4.6042819803371	14.6464662592188	78.2765157501773	80.6245986918906	3.25392686054982
ENSG00000227502.1	rest	ENSG00000227502	71.7599309561309	19.3029713107434	18.488968820292	10.0012604852244	5.76005565803929	4.89427616233639	6.26371448604843	70.7969834018012	7.56074694344558	6.36562401586199	4.68695127116929	14.5936380833984	78.3483590158672	80.3840840824899	3.21236593756455
ENSG00000227674.1	rest	ENSG00000227674	71.7772540142503	19.1114515333558	18.0996949670873	9.85104035656143	5.72297440712049	5.03200375085706	6.31559546737574	70.7840128059517	7.54668155005767	6.34693184032907	4.68328855846589	14.6103068441089	78.3504367002817	80.3934258176074	3.20934977011401
ENSG00000227681.1	rest	ENSG00000227681	71.6712668232255	19.0609680590729	17.9106158505282	9.49773533002196	5.75073294483274	5.05689307814542	6.08254706333031	70.7014288455446	7.57917522604878	6.44903555882656	4.71523478818762	14.5940854928194	78.3329378376861	80.4053829275774	3.21476598698916
ENSG00000227932.1	rest	ENSG00000227932	71.6642556792053	19.0655985633161	17.9150228829249	9.41345252026281	5.74926506721241	5.25086488551092	6.16720649144696	70.6877964602936	7.51840629417295	6.45691051407365	4.72142077345786	14.5911754341033	78.3334587149849	80.4078886990574	3.20560273147142
ENSG00000228223.1	rest	ENSG00000228223	71.3798744744193	19.0244936779928	17.976671461927	9.58831599387628	5.94727651328279	5.09155010332015	6.44542128671605	70.7539496433087	7.56185363866103	6.29220283749898	4.62390142410828	14.6133879093086	78.3966879799263	80.3691513724387	3.1931556156506
ENSG00000228327.2	rest	ENSG00000228327	71.2939625353548	18.970004640099	18.0007892857775	9.62578746459142	5.68121072045465	4.99934973209036	6.14054934754892	70.7465793238034	7.44902494901249	6.45298072591944	4.77526225498227	14.6786953499084	78.4893133049461	80.3885941448416	3.21466356002889
ENSG00000228682.2	rest	ENSG00000228682	71.8049566655459	19.1804585082262	18.2668259241555	9.96951660512521	5.71738671636975	5.06631949120764	6.37907704815834	70.7963796449633	7.52030844320662	6.33576339341959	4.68195615655487	14.6120022994882	78.354840654699	80.3906963227619	3.20737479901216
ENSG00000228709.1	rest	ENSG00000228709	71.6040998317457	18.5244990197625	18.1400690382625	9.91896175402623	5.62958162907725	4.54114792919466	6.01021051279687	70.7355830742207	7.35351663935967	6.23346928020777	4.68932134305845	14.5455636992379	78.286226521127	80.3569353426169	3.24920916541249
ENSG00000229205.1	rest	ENSG00000229205	71.6316783529259	19.0765253361689	17.9138645405233	9.32284087515506	5.76598767909697	5.2864615805048	6.1228470107864	70.6734991696854	7.51671036341116	6.47643211855729	4.7318858765266	14.5851198482991	78.330938211618	80.4104175578833	3.20499246865788
ENSG00000229308.1	rest	ENSG00000229308	71.4508203684855	18.9960537300175	17.8172654457611	10.2304860728908	6.11050964919927	5.48588217069598	5.73386966673121	71.8331117232305	7.30604856735612	5.82745684788575	5.02988586646309	14.3093830951196	78.4384915838679	80.3408971147787	3.17656086177767
ENSG00000229656.2	rest	ENSG00000229656	71.4345847526356	19.014149952427	17.9129744195867	9.91913142278117	5.53152034300712	4.89676953149007	6.61724807589081	71.1156770025421	7.39318273172711	6.77786657111014	4.5311867507815	14.3297479597549	78.269905529883	80.3093955266364	3.20411915842658
ENSG00000229807.3	true	ENSG00000229807	69.6101211137395	21.120771875607	21.4545115487339	9.30340800125973	4.73857186397295	4.89826993670834	5.61145579489113	69.420632522875	5.15488749612996	5.34498747105953	4.79632221879888	14.3123913813869	77.9500535300645	80.7933488642116	3.30884069434091
ENSG00000230257.1	rest	ENSG00000230257	71.5065901644181	19.1063604809229	17.9034685913449	9.07103678528602	5.84254671525378	5.41713473048554	5.95024142858605	70.6916750221027	7.49383310306778	6.50223322387007	4.78832454532285	14.5473593001362	78.3259395091386	80.4125761671549	3.20323688226718
ENSG00000230724.3	rest	ENSG00000230724	71.1222094833287	18.4867157472868	18.2559544922173	9.53049252713767	5.61259241888167	5.21041406236776	5.91376154945732	70.9833488688376	7.32096661613295	6.26596688447835	4.88943298890257	14.6017037603385	78.5246150871188	80.3417727358733	3.21967259217178
ENSG00000230937.3	rest	ENSG00000230937	67.8713856946226	19.2023558088645	18.2602537836956	9.97979099394686	1	5.22941333764213	7.14535513201467	72.6151819668522	9.34470046649189	6.54573476186284	4.93530386756167	15.5903505290135	77.9739992909987	83.03980314792	3.14938247487284
ENSG00000230952.1	rest	ENSG00000230952	71.7178169460976	19.0376441102981	17.8826410959413	9.94650687611448	5.74948000760912	3.82277669473887	5.5009217746599	70.7857523318252	7.95386154026421	6.40081252094724	4.67958241783601	14.6051623993093	78.3318908695324	80.3986584415218	3.24205939508212
ENSG00000231106.1	rest	ENSG00000231106	71.5363369665355	19.0179777857836	17.849065527105	10.115065419296	5.74866491877407	5.14996469583173	6.38897194191637	70.436083855213	7.67487438075003	6.20411902330664	4.48420931331385	14.1368428193891	78.6902180206371	80.4811001430477	3.07100119631235
ENSG00000231698.1	rest	ENSG00000231698	71.6082834093808	16.7830923689387	19.0355295007984	9.79625457628222	5.74443665168102	5.06762005546283	6.30349344769333	70.7198756128248	7.53425716942043	6.29366252103854	4.71968887760139	14.548609993104	78.3687842479869	80.3783728187403	3.2494321061637
ENSG00000232151.3	rest	ENSG00000232151	71.2658706743702	19.0312940159116	18.2392690908209	10.0210747208677	5.62216975333338	5.02181251109739	6.42384313501818	70.7576432654839	7.50682289399065	6.44658146571396	4.66484852444658	14.6374209085081	78.4173127489895	80.4864193753293	3.28965978271281
ENSG00000232271.1	rest	ENSG00000232271	71.6904871510238	19.9320819850805	19.7389667100418	10.1406996226962	5.8893188556665	5.07992219556123	6.35323712357501	70.7443378263378	7.47409723367724	6.34246935083216	4.70047488992917	14.6075701577691	78.3671115152144	80.3853547304233	3.20691271331509
ENSG00000232274.1	rest	ENSG00000232274	71.5257349301176	19.0382659617873	17.914880269812	9.87595788112564	5.67530925977254	4.57875064610175	6.31870412336	70.8845027860194	7.11169454612397	6.66072411040794	4.59823569853017	14.3217564754203	78.2503325684099	80.2964492565311	3.24512073682962
ENSG00000232324.1	rest	ENSG00000232324	71.7806257678595	19.0078275536734	17.913350380879	9.91291886315047	5.71081176455706	4.92840189173456	6.38181814504523	70.8569036746759	7.52167163425395	6.40522241901899	4.6498807008937	14.5573969153171	78.3352353995511	80.3737427350464	3.21041258799224
ENSG00000232388.1	rest	ENSG00000232388	65.7311371419762	18.869505213999	18.5319899743987	11.0550730936777	6.44691831880189	3.54865245880783	5.53546785160065	70.2269838373973	7.15887261035669	7.30206525639508	3.98573475066126	14.8662504833976	78.3682071677531	80.4111385033818	2.29282062387962
ENSG00000232527.3	rest	ENSG00000232527	70.1795162739029	19.0998838391354	17.8695030302321	10.4007472495412	5.29905400353381	5.04498352976311	6.15590314727103	70.8313175828828	7.726702155857	6.39818030520395	4.65800529057204	14.7338839571008	78.2347468685032	80.1981258273177	3.20727568240224
ENSG00000233137.1	rest	ENSG00000233137	70.340799678049	19.1387875996679	18.4545648459772	9.98301863658823	6.01053184261914	4.87933555434611	6.41679059723937	70.5381874969458	7.41081277420987	6.28924907056145	4.66537404952065	14.3815667069584	78.635171050452	80.3750034095038	3.23459411016459
ENSG00000233236.1	rest	ENSG00000233236	71.7139334316358	19.1536618652817	18.1364735590306	9.64162635919001	5.74652878316311	5.18136411807601	6.25065897883917	70.7279719125904	7.51680095154409	6.40997545366044	4.70639259966953	14.5992945132128	78.3430236437841	80.401132928712	3.20606710783965
ENSG00000234147.1	rest	ENSG00000234147	71.4147163173474	19.2629344280364	18.2008772383257	9.20189625787888	5.88128220289182	4.80470606275457	5.88234343425592	70.5933859064678	7.56102256555862	6.34945629231207	4.71109203196228	14.5712350911987	78.3156850368762	80.3931612257304	3.22192311061994
ENSG00000234327.1	rest	ENSG00000234327	69.9786111775302	19.2835050936188	18.8075503608612	8.98482517994732	6.4156200536153	4.9842610429847	6.33804904857602	70.5894165202467	7.40834763554403	6.3265143583613	5.01532685800702	14.4167835802278	78.2457813673491	80.3238562665174	3.21032757782099
ENSG00000234431.2	rest	ENSG00000234431	70.4370535519683	19.2587975678293	18.2292501498969	10.2112755703936	5.68948413012938	5.33683514316872	5.86362823329284	71.3467717561349	7.6982135150307	6.09725232442969	5.22622031884329	14.3927152657537	78.3265302813141	80.3377978685074	3.16357336399391
ENSG00000234449.1	rest	ENSG00000234449	69.2514487359629	19.1113192029546	18.708538053956	9.2088224096515	3.84392991608105	5.41300075468763	5.95087067974272	71.0207973843961	7.76008265538543	6.16005155102416	4.47230198488386	14.6163404427942	78.4487014330706	80.2489883773408	3.31620706346944
ENSG00000234456.2	rest	ENSG00000234456	70.4116921476806	19.0204041191249	17.6150740208526	10.7604441987574	6.12514885474327	5.18498364967742	5.94245946593449	70.0005312423874	7.54509471490253	5.93400247259814	4.17755531815498	13.9573855184058	78.8392310417264	80.4500084476191	3.17854209577896
ENSG00000234722.2	rest	ENSG00000234722	71.5937132042031	19.0911469795401	17.9137208990777	9.19852211536436	5.78081276885959	5.32675852527704	6.07413080921293	70.6376819157183	7.51635515205382	6.5091674867366	4.74007045023195	14.5812825232581	78.3262756359795	80.4145337321753	3.20465134354525
ENSG00000234741.2	true	ENSG00000234741	67.54431704424	18.653900455391	18.6446667781801	8.3100719963815	6.47351958837481	4.58010076905407	6.22683080437739	71.155987378014	7.04601997286872	6.75524980303421	4.72476053361774	14.4223537527954	78.5163152985982	80.5039376339094	3.23772954771201
ENSG00000234883.1	true	ENSG00000234883	70.9327226202994	24.1748497261116	28.046971719	11.1771884041001	6.92592001536532	5.16930200720475	6.14647085356188	70.4238473012666	7.23753055590295	6.37213878564724	4.75272303462038	14.5654663268908	78.4677652013085	80.365402145424	3.3240088754605
ENSG00000234978.1	rest	ENSG00000234978	71.3199095338042	19.1610591524445	17.9601999527945	9.03849122686389	5.78792131312344	5.31378258392398	6.02244746933499	70.5211067935634	7.36128765175217	6.5355114348186	4.80164071257289	14.5566600413691	78.3335832404804	80.4049681722227	3.25860027900351
ENSG00000235152.1	rest	ENSG00000235152	71.788172028306	18.5619763942576	18.1416458529366	9.90345741098417	5.68988922535254	5.07022815032349	6.37331438439458	70.7906907281999	7.5302228296578	6.32517715289983	4.68447839974362	14.5994586229976	78.3566794845561	80.3899196451157	3.21519269161676
ENSG00000235385.1	rest	ENSG00000235385	71.7059426165452	19.0199810570313	17.9154251736484	9.93915373658024	5.53316157135099	4.97596617433155	6.33774170566666	70.6657134747573	7.14421100454109	6.15043869138477	4.6849476918933	14.5999236007821	78.278185153632	80.3681999878773	3.23723802057446
ENSG00000235398.1	rest	ENSG00000235398	71.09477857886	19.0040404714028	18.355806050948	9.96337836027717	5.45628602369766	5.06257398023049	6.46142127902642	70.7780584290541	7.6028445929296	6.46545273510278	4.82601265887036	14.6682125121473	78.4828811921659	80.7363273595891	3.33898670625409
ENSG00000235576.1	rest	ENSG00000235576	71.4352458529134	21.5869755817438	22.9865938599056	10.5153216404578	6.26990713574208	5.09737599357422	6.28430453763112	70.6301763383755	7.3752774401024	6.3582254918679	4.74062778753478	14.5968810991685	78.3942936768384	80.374087214358	3.20619387161052
ENSG00000236094.1	rest	ENSG00000236094	71.7504240113482	18.5580052447929	18.1371313310788	9.92702675730765	5.7051493051631	5.07674143864617	6.37262827144108	70.7550163957976	7.54204322016624	6.32006417988497	4.67851319766385	14.5766720997469	78.3700262270935	80.3882743772871	3.20980301167126
ENSG00000236537.1	rest	ENSG00000236537	70.9500958286104	19.0722727086528	17.9174569150963	10.0920543359545	5.52355411370374	4.92072658136067	6.38680897577361	70.5366064861391	7.56316602939305	6.33651127731	5.0562479083994	14.557169526882	78.2580510527118	80.2513705907444	3.29452185920935
ENSG00000236673.1	rest	ENSG00000236673	71.6723531131604	17.4149723001563	18.7180481432408	9.83424140164961	5.72501935127611	5.06850963286656	6.32832051542855	70.745189809584	7.53280590286811	6.3049249548655	4.70733349995595	14.5669092672394	78.3640907660682	80.3823824063492	3.23736544536964
ENSG00000237188.1	rest	ENSG00000237188	71.3940320327879	19.0377802525341	17.9161384234027	10.0422986704976	5.74592109727165	4.92553183910517	6.3620980628167	70.6350467481665	7.45766874127132	6.32309524963018	4.68223327887068	14.5830335642334	78.5824056618949	80.37304965556	3.22555145404417
ENSG00000237372.1	rest	ENSG00000237372	71.7892098020875	19.2043483494387	18.4151472214397	9.983969581446	5.7340812371903	5.07287944647323	6.38129673688369	70.7873302550968	7.51688144692514	6.33587029226551	4.69088454265566	14.6102492930028	78.3534408308243	80.3870128107669	3.20875367772685
ENSG00000237643.1	rest	ENSG00000237643	68.8954376723502	20.0531460451607	17.8481960107672	1	6.95472244674354	8.19498760692337	2.51285212622814	68.7306727266588	7.37628325456965	8.47802068558329	5.4626019818372	14.2229206788614	78.0246517703751	80.6644437630247	3.17923181438993
ENSG00000241860.1	rest	ENSG00000241860	71.5757351562232	18.9189948994696	18.0198134669686	9.65134729775292	5.69530424644638	5.1087449719358	6.23163033096116	70.7637974988889	7.432191767803	6.39748808905582	4.73756254740286	14.64832215206	78.439204889897	80.3753816020065	3.21740201700445
ENSG00000244342.1	rest	ENSG00000244342	71.7876527790952	18.5517111610592	18.1473253705117	9.90231472001743	5.68963148021546	5.0695015882058	6.37305101803504	70.7904599572989	7.5291615209781	6.32526548290303	4.68505572198855	14.6003902468617	78.355933560023	80.389588589815	3.21579289297543
ENSG00000244879.1	rest	ENSG00000244879	71.3758269946394	19.0740430055869	18.047575449627	9.66099804024379	5.88710418983529	4.85387541218078	6.41906997694996	70.7693583375291	7.45060259349243	6.31555961044162	4.7750952583895	14.6903341678987	78.5519526003547	80.3265278144024	3.25902268395277
ENSG00000245532.2	true	ENSG00000245532	62.3501654285539	20.3722620442147	18.8475128970314	7.77118580095183	7.00882414841519	2.57534109791867	8.90973972629488	72.0543443625152	5.2955929619265	4.91708745850644	3.68738389010655	15.8450001050211	80.0197140048699	79.4602896354559	2.91210531615407
ENSG00000245694.2	true	ENSG00000245694	71.3377234309102	19.0791205026104	17.9649220071504	9.71339305249875	5.80753712419648	4.99083288800174	6.53549230150851	70.7957484948128	7.4293476354659	6.49463733867237	4.86599315054956	14.6845669378746	78.3871569227997	80.2783997786304	3.14811209633993
ENSG00000245910.2	true	ENSG00000245910	66.2455507701444	19.8345254895273	18.9363788774681	8.54177688227586	7.62812330415473	4.27667735275833	6.48187790481904	70.1423663398772	6.32275684654423	7.6489291294364	3.35505575543439	14.5095944565912	78.6941072778325	79.9449878821199	3.31635103620692
ENSG00000247516.2	rest	ENSG00000247516	71.1244281577953	19.0132333298442	17.8742932075991	9.56823963689412	5.88070429186774	4.93127021328135	6.44564836602727	70.6956300948745	7.42566369890763	6.12287913035616	4.62976196168485	14.7041291170926	78.2720889693617	80.3395679238146	3.27889471770889
ENSG00000247556.1	true	ENSG00000247556	70.0176434673943	19.016895143676	18.6190537136731	9.54010741323497	5.99917114095511	4.86902819977521	6.35741325834839	70.6224617053156	7.62088760289571	6.36603483307222	4.86078575518981	14.4751855422327	78.3430934525773	80.3986183613616	3.23006459387966
ENSG00000247844.1	true	ENSG00000247844	69.1176570984592	19.3899184857974	17.8318016438727	5.89244460886152	9.40664530260431	1	11.3934891520099	72.6411568135796	9.11395521086963	1	3.37058599994657	15.4900062661076	78.4619073649852	79.7276737439994	3.62343263972858
ENSG00000248103.1	rest	ENSG00000248103	71.6733322362699	18.8844202105333	17.9860241150224	9.71074513573862	5.61831607273649	5.06799222469829	6.25232477114376	70.6577837578175	7.27255520295007	6.26549320363411	4.7036100520512	14.5988489868041	78.2965636676363	80.3793613009485	3.23147240277506
ENSG00000248329.1	rest	ENSG00000248329	71.7402967505798	18.1435743768883	18.4072177481575	9.88182544815515	5.70861812526772	5.06963227854423	6.35517676964395	70.7723528282775	7.52953489452844	6.31798980572147	4.69473131894598	14.5875127825365	78.3596579510607	80.3864928825676	3.22396040695853
ENSG00000248596.1	rest	ENSG00000248596	71.7699054646629	19.0233538659292	17.9197246803528	9.76449666322548	5.69590086115323	5.12329758000501	6.31791778555737	70.7689351326837	7.52897886702049	6.3745417205466	4.69539832427789	14.6067564297776	78.3458648984178	80.3954588208007	3.20725089798791
ENSG00000248810.1	rest	ENSG00000248810	71.7141614737953	19.0311110625958	17.9109801261915	9.68975458819727	5.74028675966787	5.17194661874892	6.2654972170812	70.7496815397794	7.51703900293529	6.39998174345951	4.68446500524192	14.6320737928857	78.3328732090102	80.3953199747802	3.17601287104443
ENSG00000249069.2	rest	ENSG00000249069	71.7289111233	19.1246708667445	18.0878036369038	9.67036506378179	5.73592419458601	5.16887556371966	6.26678191580174	70.7379212682416	7.51864982608582	6.40188405211536	4.7027374735046	14.6007740878219	78.3439919470033	80.4002032317757	3.20618550526082
ENSG00000249152.1	rest	ENSG00000249152	71.8121702111239	18.7896102460728	18.0274828689591	9.91652940260112	5.68248571579073	5.07012452279469	6.38260957313874	70.8001722021718	7.52943887368251	6.32982864780435	4.68029201812774	14.6073848642117	78.3542316728451	80.3911933259548	3.21118668549145
ENSG00000249430.1	rest	ENSG00000249430	71.6817102502604	18.0326623019426	18.3972190984401	9.89556665779181	5.71958372296976	5.06293817547168	6.34389281361603	70.7480474413957	7.48092322605362	6.32132231932753	4.66974069693504	14.6358837274517	78.3437218591536	80.375127137559	3.19015152827413
ENSG00000249790.2	rest	ENSG00000249790	70.5797378093732	8.50797732752012	23.1903708381582	9.33028504223306	5.91414847717359	5.0740678117822	5.86948099287532	70.5599925349785	7.61294327399634	6.08169472650957	4.90292257852805	14.2888451764556	78.4403703316758	80.2969445926659	3.39742197665254
ENSG00000249859.2	true	ENSG00000249859	71.1723291063237	19.0246773616246	18.1376095968933	9.7222623632434	5.89027216649957	4.98001202311874	6.34818324959039	70.9346666496231	7.4412657887342	6.40089246587263	4.83882399730926	14.6292252286005	78.5977391885618	80.4052086317194	3.19851054566955
ENSG00000250271.1	rest	ENSG00000250271	71.5869105988676	18.9986757941459	17.8984939616214	9.91301948609273	5.78203764929271	4.8247229926501	6.65839874292491	71.122373843808	7.20131968029791	6.96133062689989	4.52655222957665	14.1770192847817	78.2359575906472	80.271828984738	3.20938638146592
ENSG00000250337.1	rest	ENSG00000250337	71.6046510821566	19.0780291116941	18.3058210947969	9.84174699579238	5.8564098250183	4.66094726475428	6.38592489031926	70.9037681571483	7.52360772143017	6.40279829046318	4.60672845488786	14.5171045473214	78.3209172779411	80.3381253438485	3.22768366593547
ENSG00000250666.1	rest	ENSG00000250666	71.7359922093443	19.0397586951868	17.9167277038437	9.63306063060241	5.7191082171755	5.17511333756458	6.26134726658289	70.7411508477788	7.52339630273641	6.40418385572304	4.70271461005855	14.6002583031092	78.3419548660198	80.4013634336755	3.20610868438517
ENSG00000250742.1	rest	ENSG00000250742	70.4238380380806	19.0703738672364	17.8165275391797	10.2512079492991	4.79209466951003	4.78872405196854	6.3759214345348	70.1716667226858	6.46732834899529	5.75727480026834	4.88394471710879	14.6465454978616	77.9233905096145	80.6873331247272	3.05863376522995
ENSG00000251002.2	rest	ENSG00000251002	71.780492790853	19.3437631435038	18.5839670339901	10.0058104345555	5.75357443174006	5.07347184772172	6.37649328182052	70.7842871444372	7.50756722842998	6.33656905407331	4.6856418449308	14.6113211125718	78.3573291237201	80.3895856358072	3.20733886764883
ENSG00000251129.1	rest	ENSG00000251129	71.4140780241682	19.1099504779415	17.9087539737912	9.0093999883918	5.85758070821325	5.26902409575929	6.12706774872147	70.7397635524595	7.35126494876043	6.85587725779971	4.7153046353531	14.4009391707583	78.3323912305412	80.3619914879369	3.20527691258019
ENSG00000251138.1	rest	ENSG00000251138	71.7004494058611	19.0481806002106	17.9178356340105	9.54518323688337	5.73515245583973	5.19491996703425	6.23342437043434	70.728063955287	7.51453793445202	6.44043989935524	4.70675419346829	14.5871416408878	78.3382511411019	80.4004288221944	3.20619237535374
ENSG00000251273.1	rest	ENSG00000251273	70.7577120313903	18.7387484868381	17.9127737919732	10.3058920476362	5.93734680494708	5.15798727270795	6.32494651679298	70.5666585253283	7.76581212244602	6.24178025614866	5.73416256059178	14.2911990056748	78.2118165744563	80.3657388342166	3.24724029616078
ENSG00000251381.2	rest	ENSG00000251381	71.5239225592566	19.061233501365	17.9357071351958	9.55915443269501	5.50912599610233	5.16360961357052	6.31418334435228	70.841341197604	7.64229280608204	6.35591564268456	4.65433447966677	14.6485771368654	78.346036830065	80.3591183821796	3.21072629758557
ENSG00000251434.1	rest	ENSG00000251434	71.7603497712354	19.0312429365344	17.9174822323815	9.70506917940141	5.70803951421515	5.14902487891692	6.29381817723287	70.7564769821943	7.52494859735475	6.38761864400397	4.69588774753767	14.6039793405662	78.3446853603541	80.3992651036853	3.20638576717382
ENSG00000251562.3	true	ENSG00000251562	49.5352156088858	20.8091866557722	18.2792528743842	11.4013826244949	13.1875389297295	3.61627609538853	7.43429687149526	67.6371548319586	1	7.47214180962137	1	20.7158356644195	81.0768587506928	77.9921226626417	4.47393135005805
ENSG00000253394.1	rest	ENSG00000253394	71.7436751165453	19.0371910684324	17.9170486901597	9.65448755935441	5.71529488177117	5.16665151028947	6.27196684819254	70.7446845509177	7.52391463301163	6.39990880422246	4.70058193863028	14.6020163915554	78.3434245459777	80.4007473964572	3.20623724024039
ENSG00000253522.1	rest	ENSG00000253522	71.4477278738311	21.2371096761402	22.2878557624032	10.4553797252835	6.22297855244839	4.89808757693264	6.1131612243963	70.699526043244	7.45416539450325	6.34108081715508	4.74858496559373	14.5830787018274	78.3882838225413	80.3749944040548	3.21081830430155
ENSG00000253659.1	rest	ENSG00000253659	71.7179304820036	19.0157244509869	17.9051352191794	9.93287188939581	5.52357834890003	4.96476839080135	6.33846645463071	70.6567164110616	7.11599859282262	6.143440880945	4.68377385252964	14.6117864095628	78.2641034912071	80.3623694355086	3.24094304249805
ENSG00000254166.1	rest	ENSG00000254166	71.4913683348343	19.1030768960332	17.9953672536069	9.48450731585416	6.12732424586582	4.35349049474131	6.78068177419105	71.0104557496285	7.79159113089244	5.74310823144322	4.53164466442573	14.7101101793469	78.3597307213468	80.3225305495208	3.26158168605308
ENSG00000254277.1	rest	ENSG00000254277	71.551737195408	16.2289394208164	19.3138817449831	9.76320207680051	5.76154604744881	5.06698802512254	6.28173418511129	70.6970670568963	7.53587157866109	6.28355138937078	4.73016255036569	14.5317679023613	78.372905420105	80.374958575488	3.25983625660401
ENSG00000254337.1	rest	ENSG00000254337	71.5271924365308	19.0122502656932	17.8696894230665	9.98801282973364	5.53714253791787	4.88045700888701	6.34976059692207	70.5656022289502	6.84597147645904	6.18517619591646	4.81793531185286	14.8661495127149	78.5347089575261	80.3006838707159	3.15976827879893
ENSG00000254339.1	rest	ENSG00000254339	71.4438316426258	15.1834632037513	19.8391619959658	9.70080750305494	5.79223400857025	5.06587564371401	6.24084814822697	70.6547986830601	7.53948422618656	6.26461077143633	4.75032877504909	14.5006265582792	78.3807906608513	80.3680437459328	3.27958802153685
ENSG00000254934.1	rest	ENSG00000254934	71.2440212730675	13.2110830026941	20.8301911428311	9.58245375997466	5.85448959975757	5.06336940217568	6.16280940803973	70.5765043964711	7.54355710528432	6.22877859710312	4.78888939473691	14.4433934576314	78.3945937334669	80.3555557509818	3.31696454407651
ENSG00000255135.1	rest	ENSG00000255135	70.6547307284349	18.3947013694525	18.5377175146641	9.63147853257063	6.03129484003489	4.85265339816379	6.33679858299045	70.5292367951031	7.3492212747745	6.38188772103276	4.97799767055376	14.562863307297	78.6516810763107	80.4790425859169	3.22509406537148
ENSG00000255717.1	true	ENSG00000255717	63.9767869108065	16.5012520671408	21.0808834368775	3.18694543989215	9.71810881548937	3.11498850859217	7.99564210652479	72.3070262518712	8.00810458092283	3.96771676778442	4.54712538906922	15.0427253293475	79.0201494148565	80.1663580952918	3.48718691728476
ENSG00000255794.1	true	ENSG00000255794	71.8269726500303	18.9375261725132	17.9533465387279	9.92550984182717	5.67802955185676	5.07018717365584	6.3884330093263	70.806015477885	7.5291244616517	6.33256703205922	4.67787277793616	14.6117834442898	78.3532957482898	80.3919685147542	3.20841479838518
