gene_id	withinSubset	lncRnaName	Comp.1	Comp.2	Comp.3	Comp.4	Comp.5	Comp.6	Comp.7	Comp.8	Comp.9	Comp.10	Comp.11	Comp.12	Comp.13	Comp.14	Comp.15
ENSG00000126005.9	rest	ENSG00000126005	2.5468511310929	1.94574398130439	2.58217542978997	2.04488025612361	1.42755178238493	1.23135262443273	1.32995008001405	1.04030385280203	1.84259760113185	1.48724120414196	1.2658170981139	1.21189815561021	1.07298220179536	1.05528266579562	1.0311300154728
ENSG00000177410.8	true	ENSG00000177410	2.4600752271761	1.97835228103047	2.46026613570544	2.08422908244017	1.43369404951894	1.25874140593544	1.23868363873446	1.14330667341246	1.72699417760069	1.47233715651586	1.25738777019608	1.24258763690131	1.07930012097456	1.04546849455563	1.02916234128495
ENSG00000184324.11	rest	ENSG00000184324	2.68906262543084	2.05944417018372	2.55472430212107	2.08988253648888	1.40726291995873	1.28011435869636	1.19395699053385	1.13599716117714	1.7919475265746	1.49822805280362	1.26212016156585	1.2138611927149	1.079837665118	1.05695922520598	1.02974529419945
ENSG00000186056.4	rest	ENSG00000186056	2.6232300796042	2.0201145443233	2.48455589510951	2.05749944550884	1.37247376191567	1.23053097496872	1.17688044784546	1.12874217227361	1.75919375906829	1.48788975455473	1.27129213298822	1.20483366241589	1.07517288890481	1.05452925660567	1.02877172079977
ENSG00000188206.5	rest	ENSG00000188206	2.54611162095051	2.0876220502878	2.47525404300809	2.09705277030341	1.40670045146014	1.29884194510248	1.20044544572386	1.13060747338807	1.7952169857987	1.50394618425089	1.2586917510901	1.21210699106482	1.0763178338913	1.05666283335835	1.02924902092779
ENSG00000197463.8	rest	ENSG00000197463	2.68868382767335	2.05946046105562	2.55341659902719	2.08960214418853	1.40809129757422	1.28044117253273	1.19397553668621	1.13610240346934	1.79225270558616	1.49837424855057	1.26201667820952	1.21380773610369	1.07981244764017	1.05696947374019	1.02977116294085
ENSG00000197989.8	rest	ENSG00000197989	2.18227198366807	2.08523865376522	2.15078735334139	2.07950745791864	1.46555451596008	1.33586265942925	1.22663011373341	1.12943364469907	1.83280014839311	1.50296726579145	1.26371229979392	1.20730295051685	1.05859038778073	1.0581058593945	1.04022992625006
ENSG00000203497.2	rest	ENSG00000203497	2.47104927473192	1.87366138587323	2.57580778548502	2.10333213684111	1.40294717675594	1.29799482041998	1.20094343471066	1.14303930212576	1.80323479316471	1.48426593019068	1.26173785551932	1.20820033878265	1.10027142734301	1.047230456252	1.02888055658676
ENSG00000204623.4	rest	ENSG00000204623	2.28730505997866	2.09218141004843	2.50608884128384	2.11881167163338	1.42506510682104	1.35359635051271	1.2118943608316	1.12490782660094	1.7651002593629	1.48049774882617	1.26456216246657	1.2038340832032	1.0714932151371	1.05317113385911	1.03071199013447
ENSG00000205861.7	rest	ENSG00000205861	2.68453444980656	2.0510440146574	2.56692184689394	2.10055315339844	1.40127963012994	1.27732761568003	1.20125244067412	1.13201655399735	1.79412838537988	1.5014664570743	1.25674997802353	1.21400157627397	1.07714382068575	1.05488445756903	1.03266082401508
ENSG00000223478.1	rest	ENSG00000223478	2.54531035717441	2.00551273223344	2.52917132059942	2.10375551142524	1.36292398874214	1.31047553960229	1.24021670726867	1.15983591199984	1.80948889059522	1.50086593559157	1.25106607137779	1.2121090289931	1.07075875228393	1.05261422715263	1.02023738445656
ENSG00000223482.1	rest	ENSG00000223482	2.16373599479272	2.00877040398347	2.37680535094665	2.00931387670309	1.20297495668616	1.2437957210693	1.15083510435678	1.11234033934765	1.83036443115015	1.49334518476632	1.27130303695324	1.22656043948989	1.07258869573319	1.05960928565985	1.06038787209519
ENSG00000224093.1	rest	ENSG00000224093	2.14123528002712	1.31302405493775	2.59461305513064	2.24426998387394	1.59548047801163	1.25690011640594	1.07799470330114	1.12229280800648	1.70287229633281	1.38742207991989	1.29765086724599	1.14915925503142	1.05301185386981	1.03381147356726	1.02807735407203
ENSG00000224189.1	rest	ENSG00000224189	2.51643166765713	1.82758865530541	2.57611417713855	2.11793521483221	1.41843289119393	1.26359191742768	1.13647954603709	1.14052149688493	1.82144937860245	1.4942769217059	1.26144121436092	1.20278064404626	1.07694513543714	1.05291130857466	1.03103924731421
ENSG00000224459.1	rest	ENSG00000224459	2.68140880988433	2.05038547073911	2.56382533892008	2.08840937493292	1.37710520230927	1.2579736000111	1.18214926427244	1.13275853076907	1.79274621998606	1.49721882299201	1.26236208430897	1.21343949831088	1.08078551053473	1.05758806644129	1.02937986869076
ENSG00000224597.3	rest	ENSG00000224597	2.34837236906964	1.70651918070921	2.51308851617593	1.93229712453627	1.39368721845622	1.1213923728672	1.26500954629795	1.10982381543273	1.72350616183591	1.49705673125625	1.19658611189482	1.19606054844558	1.05783163893839	1.10182788813067	1.07342451158589
ENSG00000224738.1	rest	ENSG00000224738	2.51681612810845	1.96033640833361	2.54635266166094	2.09574582854753	1.32158521770149	1.12762677860415	1.59529819415888	1.77255388307433	1.78076946001974	1.48267571818827	1.30697053533974	1.16106359496919	1.05389529546009	1.03460539936889	1.04061709106238
ENSG00000225733.1	rest	ENSG00000225733	2.10887736863678	2.01595923320484	2.46433638927846	2.05201128538001	1.32878327658442	1.19382219380235	1.19771963531343	1.1495409415351	1.78672962681834	1.48002991207973	1.251151451413	1.21212874009245	1.07603750306088	1.06019456444285	1.03192372895033
ENSG00000225973.2	rest	ENSG00000225973	2.6146655460197	2.02314944779315	2.51090277587361	2.08422529055581	1.40786791968155	1.27524693757036	1.18957846997971	1.13187922576127	1.77815190718885	1.49526520808544	1.25997472812289	1.21071851799455	1.08033026088732	1.05531582451438	1.02985821241517
ENSG00000226381.1	rest	ENSG00000226381	2.3116847275052	2.05921151011816	2.43453146782809	2.05202009608427	1.24819585410861	1.31387150327996	1.18864418299551	1.12185500303007	1.80940287143311	1.51118327351569	1.26211828646206	1.21474032734131	1.08082655849213	1.05660533980531	1.03100235073373
ENSG00000226752.1	rest	ENSG00000226752	2.54449739729445	2.04184665637552	2.42624877795835	2.07769417006905	1.42791834357789	1.28003482057757	1.20054573344168	1.14437325317684	1.78899931055738	1.4906360001023	1.26375905900404	1.20344202803286	1.07598527060979	1.05394667503164	1.02981430067431
ENSG00000226779.1	rest	ENSG00000226779	2.63748549038113	2.02696658894393	2.48066918326315	2.12948036029861	1.17645211563391	1.54109161582797	1.32621285555134	1.07509178554675	1.7224652353957	1.49800343465383	1.26885658815438	1.18131590310228	1.08291112449654	1.06814282087775	1.02540204593302
ENSG00000227280.1	rest	ENSG00000227280	2.27569293149234	2.16226996468316	2.61104125570957	2.05831213971403	1.42801988977741	1.25997548965104	1.21133195074744	1.16619990214186	1.80536170768201	1.51158229922044	1.28386704224591	1.2198161990703	1.08780634653337	1.05967522384205	1.02908333814786
ENSG00000227627.1	rest	ENSG00000227627	2.38509620696913	2.05405027617228	2.49676955498327	2.12479422923033	1.38924542761745	1.33624958507749	1.23723603270237	1.1626648843711	1.79500431574087	1.50336764213436	1.25867126719743	1.20377653798117	1.08673964467479	1.05511242025752	1.03201327574477
ENSG00000228989.1	rest	ENSG00000228989	1.72675908180247	1.35297529249545	2.57571112878434	2.17088500932005	1.41566679655831	1.31504078249282	1.24282235022663	1.30932008103701	1.936122648566	1.56697068039323	1.23736110090695	1.19180345707607	1.01312952254106	1.05207801689398	1.12360353314622
ENSG00000229124.1	rest	ENSG00000229124	2.67887602958785	2.06211041627908	2.54222216592937	2.09692595971254	1.40270826924596	1.2810555787002	1.1982611713561	1.13441074267379	1.78955919207516	1.50065043281423	1.26208737989097	1.21355428444821	1.07934461703104	1.05748018707453	1.02926434223318
ENSG00000229874.1	rest	ENSG00000229874	1.4052672598265	1.00159229391303	2.60397681725187	1.9040124864266	1.31157705910386	1	1	1.07838071507015	1.53653110144619	1.35314004888195	1.34860416052466	1.115365760809	1.00338113313823	1.04352237705322	1.06318663416851
ENSG00000229953.1	rest	ENSG00000229953	2.05566206986025	1.23662571887601	2.51994826306769	2.21874510438444	1.61410969588551	1.26560519271075	1.0778113752016	1.13094084454431	1.71853962838536	1.38380111233941	1.30227485117446	1.15920155790726	1.07337792649134	1.02996218984981	1.03280058425
ENSG00000230074.1	rest	ENSG00000230074	2.56464820977904	2.09177919925163	2.4349188736239	2.03130353814445	1.45221640259	1.2808455619352	1.23042366287605	1.15361816412753	1.78868565757305	1.52858865290375	1.23174345096809	1.21030333214206	1.08646429266525	1.06435004316342	1.03139970922375
ENSG00000230910.1	rest	ENSG00000230910	2.68838922907898	2.06145222544894	2.56468135147019	2.0925884235007	1.40580871634206	1.27966330672979	1.1941864027963	1.13603849174486	1.79131100246573	1.4980750173835	1.26221100415476	1.21447089456506	1.0799056805788	1.05685849981537	1.02970389738853
ENSG00000231216.1	rest	ENSG00000231216	2.64772085582887	2.0890548615383	2.34392634971592	2.05531800150734	1.46209749617509	1.27826581996231	1.18919437119331	1.13751931274197	1.81228335582898	1.50142579453249	1.26607489706821	1.20922313621418	1.0750134879333	1.05599869094925	1.02889152130939
ENSG00000231789.1	rest	ENSG00000231789	2.48515300740611	2.11501576149461	2.57096800022709	2.11077285775078	1.44032309972154	1.28044740512718	1.20125524839226	1.13234088217232	1.77166999893647	1.48723996733965	1.25546927310037	1.21799917806339	1.08264230908956	1.05354736148449	1.02915928095153
ENSG00000232093.1	rest	ENSG00000232093	2.52960862115517	1.88935807458126	2.54213090514569	2.11289779856977	1.42383321192776	1.24967046101908	1.1886018397862	1.17660843913339	1.78895275395965	1.48448419710617	1.26848347643457	1.21035803564672	1.07320892846238	1.06318539596998	1.02788703894399
ENSG00000232301.1	rest	ENSG00000232301	2.56282403720137	2.1631687835048	2.60335732307636	2.13734465574241	1.40978475536116	1.27506986991391	1.19792459938038	1.13364629031392	1.7953322504758	1.5024172052291	1.25853464244874	1.21974994722445	1.07691405297522	1.05643185846298	1.02871239114895
ENSG00000232445.1	rest	ENSG00000232445	2.58898091030952	2.06810188319709	2.5742146320805	2.12227377435382	1.41911616629727	1.27682668175096	1.19207609342944	1.13381747569828	1.79485562149767	1.50100314351454	1.25824339735065	1.2237122876171	1.07715153063381	1.05926991370817	1.03295817924697
ENSG00000232533.1	rest	ENSG00000232533	2.44213437710383	1.99917132823791	2.62344850968047	1.83748137367549	1.43058345063228	1.3369364438489	1.18114070571502	1.15721567576028	1.8009087023527	1.46953530682192	1.24494791093537	1.21151430966259	1.07762025501672	1.05813124486157	1.02873543413272
ENSG00000233016.1	rest	ENSG00000233016	2.39324180351219	1.9110024215248	2.50232810111549	2.10080121938973	1.39913861914972	1.29982262933239	1.18618441118705	1.15540647590165	1.82570417001103	1.54174045836405	1.25083569976178	1.23195673707553	1.07730374595011	1.05024797861823	1.02968368497745
ENSG00000233098.2	rest	ENSG00000233098	2.40446495388736	2.16870549735567	2.62805824987406	2.12206770195606	1.4403410887477	1.30066452948006	1.17595714813656	1.14555503120345	1.8284925886311	1.49506939392705	1.25965909924836	1.22000077990983	1.07321579054329	1.05501247180924	1.02997535308144
ENSG00000234160.1	rest	ENSG00000234160	2.21054448125233	1.93305534113002	2.52653828597389	2.16842679258149	1.48232126475859	1.28088759111488	1.19793025606757	1.12933022618866	1.77714666575507	1.49027295306697	1.26301513121344	1.21129459865644	1.0848236215559	1.0722795348468	1.025853755847
ENSG00000235106.1	rest	ENSG00000235106	2.55976538802258	2.04456688068517	2.58923987692395	2.05632949562133	1.40460563232761	1.25332171025168	1.25684662718173	1.16853495463356	1.79886690965794	1.50723061717116	1.25321405427747	1.20791578202776	1.07725628382396	1.06246227459521	1.02754029857532
ENSG00000235123.1	true	ENSG00000235123	2.60789515285766	1.97700513577129	2.54330416159274	2.06224761836624	1.26891200293226	1.03901734771087	1.81543776603395	2.12073894286604	1.80015211860155	1.49449870865983	1.32618773751996	1.13374393646572	1.04193338762894	1.02838380825211	1.04871269367841
ENSG00000235335.2	rest	ENSG00000235335	2.63157152688901	2.08010229408565	2.31585386474682	2.04968096230804	1.47462047372122	1.26443149894057	1.18178354883906	1.13726446776497	1.81593010972986	1.49913973633355	1.26831440906863	1.20714652939686	1.07793569435186	1.05537558016747	1.02946137520815
ENSG00000236455.1	rest	ENSG00000236455	2.50079861652007	1.89158495559683	2.57928008031973	1.97823808835457	1.42199982990423	1.29415898943489	1.20258205212022	1.12401345611821	1.73743081928686	1.56836671568794	1.28432368584416	1.21366948803297	1.07317850988808	1.05756863472974	1.0299421449704
ENSG00000236618.1	rest	ENSG00000236618	2.61808656811309	2.05321683032897	2.55230749501006	2.09885764787146	1.39966510903479	1.2874735819229	1.19588721212656	1.13248525796797	1.78204636578026	1.4937187055506	1.25967166951457	1.21602553797293	1.08067701971888	1.05688800932719	1.02932730036577
ENSG00000236810.1	rest	ENSG00000236810	2.60964772838757	2.01503563070351	2.53482199481575	2.10494505693134	1.41340644358713	1.28218736781982	1.18888245552622	1.13479110377764	1.79164078680274	1.4969672320456	1.26387396530935	1.20953464798823	1.07629668457201	1.05654289700058	1.02876009230302
ENSG00000236933.1	rest	ENSG00000236933	1.58076849990857	1	2.56096121913186	2.03072147021637	1.39301435789529	1.00690875811634	1.00675725390996	1.08265890398346	1.53918173257636	1.35439539548253	1.32864430609361	1.12050690800443	1.02843200637772	1.0373286008993	1.03842506440445
ENSG00000237125.3	true	ENSG00000237125	2.67708566765779	2.06272750276072	2.59499097689794	1.99751908455866	1.42289638585353	1.32091001410906	1.18256358933595	1.15049463719313	1.79483503639124	1.46535860205314	1.2760180003122	1.21186254179675	1.07754624973259	1.05595747107899	1.03117369114101
ENSG00000237181.1	rest	ENSG00000237181	2.67656407288326	2.05502850992226	2.52218561107717	2.09754716235559	1.37321489954823	1.31309216101203	1.21260796567601	1.12528311314568	1.78066821258934	1.49834132986545	1.26378257499281	1.20819047916621	1.07981254166713	1.0584610905286	1.02873156945138
ENSG00000237298.1	rest	ENSG00000237298	1.05535836388795	2.4185318954227	1.89170719643279	1.64360410241601	1.11532433028687	1.57069442814673	1.39247515345074	1.12791108158904	1.46151252225302	1.26055011426604	1.34275128530275	1.0755550214246	1.0115625467479	1.04934716074535	1.0186914164294
ENSG00000237311.1	rest	ENSG00000237311	2.6852988571767	2.06393089355112	2.52242969620781	2.09198554116976	1.41549708562298	1.27506419869328	1.19354204592243	1.13549389573168	1.79489808740022	1.50133162830517	1.2619504424658	1.21372800501624	1.0792147458962	1.05667799935792	1.02948744571508
ENSG00000237429.1	rest	ENSG00000237429	2.68803492417669	2.05802089903615	2.55537373062255	2.0998297826395	1.40078903046068	1.28160954211922	1.19805920525788	1.13319139764126	1.78837054386349	1.50129494207839	1.2607221184614	1.21296702017816	1.07998906520528	1.05723110445291	1.02960807483914
ENSG00000238178.1	rest	ENSG00000238178	2.68545597589927	2.06081746965571	2.54396419679111	2.09384572229777	1.40646321767825	1.28134660586169	1.19604708408281	1.13453567130055	1.7910540461148	1.49928392967622	1.26229593938356	1.21341380797725	1.07958230427807	1.05691438464694	1.02949744010669
ENSG00000239906.1	rest	ENSG00000239906	1.78437156220943	2.49527427377297	2.18539567205327	2.0923163399471	1.37107755901377	1.18894471667552	1.43071620787718	1.37064069913371	1.79710143194778	1.41365096921827	1.29981478102538	1.19307219971621	1	1.07121691995688	1.02800199866115
ENSG00000246273.2	rest	ENSG00000246273	2.62687889674644	1.99343545762767	2.5680300189446	2.09379094333766	1.42868300290295	1.25872510647366	1.21424684452372	1.12179066726514	1.75374573635117	1.50247315930343	1.24423713458582	1.19289381245545	1.09234686883985	1.05343234633305	1.03110228218992
ENSG00000247092.1	rest	ENSG00000247092	2.06667544469795	1.68627708727634	2.27187794667528	2.21180204118946	1	1.85182877401267	1.46411835001512	1.06580450716525	1.68955904731381	1.49217168309556	1.26327379843695	1.12816354940629	1.06487470094491	1.07362723288596	1.04518622353173
ENSG00000247240.2	rest	ENSG00000247240	2.32265655001177	2.00537708255145	2.53018035240622	2.14408913835764	1.39782222280852	1.32780431383822	1.22337896829505	1.13578926480156	1.78803429954082	1.48827493378268	1.27224506555998	1.20485047418301	1.07201038453466	1.05956671793538	1.03276936343042
ENSG00000247271.2	rest	ENSG00000247271	2.63795574314707	2.03963719522423	2.55646425845228	2.07510959961977	1.38665297297358	1.28345047612734	1.20265617925539	1.13411190866145	1.78324530586036	1.49567267552006	1.2571399695028	1.22744205305817	1.08271512199011	1.0665526028303	1.0321050754067
ENSG00000248890.1	rest	ENSG00000248890	2.66533190220833	2.05721276971634	2.55597450041229	2.06426746263216	1.31531335721576	1.2164130940985	1.16257819273582	1.12468013732348	1.7914107606838	1.48886008865413	1.26240529888174	1.21164999325536	1.08197634487339	1.05983519360395	1.02758812264712
ENSG00000249532.1	rest	ENSG00000249532	2.30871437969921	2.36696116871604	2.67506172553581	2.20815521898825	1.42413908393393	1.27296777991253	1.20287517185717	1.13160871558855	1.80485260252664	1.50459129091294	1.25383338181748	1.22960186005531	1.07038863771955	1.05545025181003	1.02694777632784
ENSG00000249572.1	rest	ENSG00000249572	2.13213004334827	1.72470571386695	2.59515208526724	2.1885250045775	1.45950177457328	1.25885609404648	1.20805181039333	1.15637777778187	1.69241533510847	1.40941083899139	1.29862457586977	1.16347865498712	1.07813548077589	1.05361867240679	1.02544670014678
ENSG00000250155.1	rest	ENSG00000250155	2.67627163299557	2.04796304008791	2.54206893167163	2.10927864605786	1.33806707149571	1.35205175937014	1.23241795517971	1.11774976439705	1.77210830630301	1.50087791978514	1.26309872267066	1.20510275869154	1.08129046900258	1.06014354051001	1.02849921466839
ENSG00000250961.1	rest	ENSG00000250961	2.16796630809366	1.41501311602774	2.5409416598559	2.19269230522222	1.60468702814605	1.07586078396293	1.19791570590355	1	1	1	1.43808277334919	1.11704722396498	1.02422112417249	1	1
ENSG00000253196.1	rest	ENSG00000253196	2.60030451778421	1.92866713524552	2.57374940922128	2.1209843980649	1.424672867273	1.28407099513307	1.17157448500302	1.1478796743331	1.82602591859465	1.5133287144876	1.25597385531152	1.20987202725243	1.07884795127551	1.05486761796122	1.03147532136525
ENSG00000253352.2	true	ENSG00000253352	1.50690071287846	2.3392906085157	2.59182437551473	2.15735388177991	1.32374944480499	1.16559431295841	1.34457839373037	1.27755780433226	1.79230559962914	1.44825996675719	1.27501646186713	1.18271833701709	1.06007266149167	1.08800557185009	1.07861038784019
ENSG00000253738.1	rest	ENSG00000253738	2.65834590517418	2.07267299395966	2.54036894036406	2.09719637342577	1.40711802210218	1.27767167374651	1.19766222632922	1.13583902322177	1.7904463123557	1.50137238537638	1.26014221438619	1.21374416760851	1.07885924309594	1.05766430511965	1.03025294711393
ENSG00000254251.1	rest	ENSG00000254251	2.68267448173566	2.04688875379701	2.56305744647385	2.09559409579446	1.3845407690202	1.24501883832229	1.27762259203031	1.26523937590141	1.79148657440473	1.50026190255923	1.2696634506078	1.2038640831243	1.0752005694279	1.05315928729384	1.03212677729603
ENSG00000254539.1	rest	ENSG00000254539	2.34499301216097	2.18552103235876	2.53991848002651	2.03978728932509	1.41848511823518	1.2479166019025	1.20674292479446	1.12657947416424	1.80977196909852	1.51455364465689	1.27823307508581	1.2072860188187	1.09623643108307	1.05079966094688	1.02723619650041
ENSG00000254682.1	rest	ENSG00000254682	1.99194171195995	2.22681101036027	2.26325174542955	2.15635533016396	1.36874419488774	1.4136436012558	1.30681306570753	1.17732554868371	1.78194679158547	1.48568848848293	1.26898221585512	1.20534906039451	1.05792634063452	1.05729120385878	1.03563308373696
ENSG00000254911.1	rest	ENSG00000254911	1	1.63554980710379	1	1	1.04606085455951	1.85421018628482	1.32522115929648	1.00237960515792	1.48668634328296	1.64677395564852	1	1	1.02979904271121	1.10355271190044	1.21347759248626
ENSG00000255399.1	rest	ENSG00000255399	2.69066169865903	2.05613780143051	2.56865323321912	2.08882685142026	1.40517770582154	1.27085594734534	1.20421156176108	1.12731139718245	1.78100207981697	1.52012828824953	1.25047370397748	1.2060257680312	1.07488750803107	1.05354205653601	1.02838152058711
ENSG00000255495.1	rest	ENSG00000255495	2.21172063294295	2.16956553935887	2.64722872114079	2.0917013149679	1.42814157570611	1.23906887970755	1.17083440918457	1.12153583241271	1.76759966455511	1.51625419495801	1.24744787067068	1.19635335603383	1.0667379658279	1.05003353160236	1.02956388420286
